1	0.076244	0.019599	0.1834	0.15677	0.054141	0.14574	0.07836	0.2311	0.19744	0.10349	0.13732	0.14112	0.09661	-0.0012009	0.10321	0.17418	0.09102	0.099278	0.14734	0.11148	0.10258	0.14183	0.11403	0.1432	0.17691	0.12653	0.15617	0.10046	0.033477	0.0087213	-0.017007	0.062991	0.20037	0.099188
0.076244	1	0.12385	0.00088193	0.04265	-0.026988	0.035247	-0.037109	-0.029018	0.024152	0.04318	0.040759	-0.0025923	-0.024111	-0.026532	-0.0034968	-0.036296	-0.034783	0.023351	0.0035635	0.057867	0.029076	0.061419	0.056781	0.072099	0.035773	0.008092	0.010758	0.009135	0.0074355	0.025165	-0.0070874	0.037529	0.0046091	0.02381
0.019599	0.12385	1	0.0086868	0.041169	0.052687	0.063404	0.0084521	-0.0048576	0.066875	-0.0018946	0.039626	0.05226	-0.010399	-0.0095168	0.0090335	-0.029343	-0.0046122	0.016585	-0.0028171	0.064998	0.028067	0.09021	0.071542	0.091715	0.062255	-0.019623	-0.02176	0.0068499	0.0188	0.012325	-0.0039528	0.032716	0.048507	0.06783
0.1834	0.00088193	0.0086868	1	0.15102	0.12812	0.12103	0.073719	0.12024	0.12011	0.037637	0.1235	0.14263	0.042861	-0.029624	0.048323	0.090453	0.12737	0.069404	0.0846	0.043692	0.15442	0.085368	0.013596	0.09037	0.10666	0.048973	0.14998	0.061875	0.042659	0.015374	-0.015805	0.057307	0.09608	0.010748
0.15677	0.04265	0.041169	0.15102	1	0.14589	0.094056	0.15431	0.057433	0.29274	0.058358	0.046126	0.21504	0.08717	0.025917	0.079787	-0.015377	0.043761	0.19439	0.064626	0.10634	0.12019	0.066797	0.1331	0.11108	0.13475	0.12767	0.1765	0.024001	0.059124	-0.014539	-0.011603	0.088506	0.010641	0.14095
0.054141	-0.026988	0.052687	0.12812	0.14589	1	0.22763	0.015487	0.06283	0.080622	0.08683	0.039307	0.14409	0.020568	0.021372	0.024165	0.10896	0.09843	0.06082	0.04957	0.10806	0.059026	0.032929	0.066554	0.091861	0.096058	0.044028	0.069394	0.046838	-0.013586	-0.0080072	-0.054075	0.03957	0.059904	0.11456
0.14574	0.035247	0.063404	0.12103	0.094056	0.22763	1	0.077276	0.14418	0.029758	0.13694	0.22486	0.036877	0.058403	0.0072123	0.076889	0.14567	0.10127	-0.0027079	0.14654	0.13964	0.11317	0.079687	0.069174	0.13282	0.11244	0.12301	0.072635	0.12772	0.066722	0.0091075	-0.020023	0.052815	0.10721	0.10072
0.07836	-0.037109	0.0084521	0.073719	0.15431	0.015487	0.077276	1	0.02183	0.19063	0.025267	0.10958	0.079454	0.055157	0.017447	0.13027	0.09466	-0.037096	0.24062	0.17893	0.17342	-0.002898	0.019619	0.051137	0.041394	0.12569	0.10837	0.010721	0.040411	0.040128	0.035396	-0.03915	0.035229	0.14457	0.16576
0.2311	-0.029018	-0.0048576	0.12024	0.057433	0.06283	0.14418	0.02183	1	0.13177	0.0080112	0.22632	0.092249	0.066157	-0.049349	0.080338	0.20555	0.19381	-0.023943	0.14993	0.13162	0.11665	0.15821	0.054339	0.16064	0.11351	0.16899	0.15927	0.10422	0.02544	0.029885	0.028897	0.034691	0.1729	0.054041
0.19744	0.024152	0.066875	0.12011	0.29274	0.080622	0.029758	0.19063	0.13177	1	0.037331	0.042931	0.15552	0.068711	0.020201	0.055697	0.077281	0.057193	0.25495	0.071987	0.11951	0.10426	0.064433	0.10894	0.15286	0.1971	0.11674	0.091041	0.035665	0.064648	0.0081547	-0.026127	0.073653	0.10091	0.13325
0.10349	0.04318	-0.0018946	0.037637	0.058358	0.08683	0.13694	0.025267	0.0080112	0.037331	1	0.12986	0.073709	0.053558	0.037842	0.048971	0.060778	0.034969	0.010428	0.091627	0.08262	0.0091256	0.061265	0.021603	0.081055	0.061678	0.012146	0.10975	0.068595	0.023377	0.0304	-0.024875	0.03051	0.052034	0.037505
0.13732	0.040759	0.039626	0.1235	0.046126	0.039307	0.22486	0.10958	0.22632	0.042931	0.12986	1	0.12621	0.10295	0.033619	0.2249	0.2126	0.11721	-0.012295	0.31476	0.24163	0.085653	0.13554	0.046849	0.19225	0.085896	0.19728	0.22071	0.20182	0.094312	0.080498	0.013316	0.035696	0.1666	0.081269
0.14112	-0.0025923	0.05226	0.14263	0.21504	0.14409	0.036877	0.079454	0.092249	0.15552	0.073709	0.12621	1	0.10228	0.06113	0.19923	0.055955	0.058168	0.16652	0.10699	0.167	0.12673	0.076812	0.10402	0.17504	0.054415	0.17502	0.31716	0.051032	0.048169	0.059964	0.024358	0.063621	0.053596	0.086767
0.09661	-0.024111	-0.010399	0.042861	0.08717	0.020568	0.058403	0.055157	0.066157	0.068711	0.053558	0.10295	0.10228	1	0.090556	0.0922	0.079692	0.045123	0.063312	0.12004	0.11335	0.02014	0.032256	0.031714	0.040961	0.058846	0.096984	0.032173	0.083104	0.031528	-0.016293	0.011604	0.0241	0.1153	0.072324
-0.0012009	-0.026532	-0.0095168	-0.029624	0.025917	0.021372	0.0072123	0.017447	-0.049349	0.020201	0.037842	0.033619	0.06113	0.090556	1	0.040819	0.011996	0.0025778	0.063584	0.021541	0.074593	-0.030233	0.0096705	0.0051572	0.043019	0.033615	0.032766	-0.017533	0.019795	0.053322	0.0012076	0.0092971	-0.061718	0.034097	0.048087
0.10321	-0.0034968	0.0090335	0.048323	0.079787	0.024165	0.076889	0.13027	0.080338	0.055697	0.048971	0.2249	0.19923	0.0922	0.040819	1	0.15732	0.058498	0.15881	0.34688	0.21536	0.049379	0.031355	0.054373	0.11393	0.069179	0.15087	0.1543	0.12507	0.037313	0.06045	0.094863	-0.055435	0.18691	0.10682
0.17418	-0.036296	-0.029343	0.090453	-0.015377	0.10896	0.14567	0.09466	0.20555	0.077281	0.060778	0.2126	0.055955	0.079692	0.011996	0.15732	1	0.10783	0.05398	0.1988	0.17419	0.047263	0.094035	0.030567	0.090233	0.07884	0.12803	0.088883	0.10893	0.0087068	-0.0016729	-0.013099	0.0040734	0.32751	0.11084
0.09102	-0.034783	-0.0046122	0.12737	0.043761	0.09843	0.10127	-0.037096	0.19381	0.057193	0.034969	0.11721	0.058168	0.045123	0.0025778	0.058498	0.10783	1	-0.013139	0.11482	0.086619	0.087225	0.044288	0.032842	0.060763	0.049746	0.12453	0.11884	0.093482	-0.029344	0.049402	-0.046388	0.03995	0.12745	0.030228
0.099278	0.023351	0.016585	0.069404	0.19439	0.06082	-0.0027079	0.24062	-0.023943	0.25495	0.010428	-0.012295	0.16652	0.063312	0.063584	0.15881	0.05398	-0.013139	1	0.12116	0.11707	0.091897	0.0076341	0.06861	0.040876	0.056909	0.082389	0.061281	0.0066859	0.045864	0.027787	-0.041087	0.045138	0.092403	0.11931
0.14734	0.0035635	-0.0028171	0.0846	0.064626	0.04957	0.14654	0.17893	0.14993	0.071987	0.091627	0.31476	0.10699	0.12004	0.021541	0.34688	0.1988	0.11482	0.12116	1	0.26285	0.092797	0.067555	0.086669	0.12286	0.05559	0.13818	0.15939	0.13361	0.024605	0.076432	0.051253	-0.025181	0.21898	0.12797
0.11148	0.057867	0.064998	0.043692	0.10634	0.10806	0.13964	0.17342	0.13162	0.11951	0.08262	0.24163	0.167	0.11335	0.074593	0.21536	0.17419	0.086619	0.11707	0.26285	1	0.085863	0.10052	0.077986	0.17534	0.12096	0.14485	0.12568	0.13707	0.052024	0.067848	0.013991	0.018148	0.18366	0.20042
0.10258	0.029076	0.028067	0.15442	0.12019	0.059026	0.11317	-0.002898	0.11665	0.10426	0.0091256	0.085653	0.12673	0.02014	-0.030233	0.049379	0.047263	0.087225	0.091897	0.092797	0.085863	1	0.082379	0.037217	0.094182	0.093966	0.033442	0.096174	0.042097	0.068431	-0.011657	0.011382	0.11794	0.051918	0.015522
0.14183	0.061419	0.09021	0.085368	0.066797	0.032929	0.079687	0.019619	0.15821	0.064433	0.061265	0.13554	0.076812	0.032256	0.0096705	0.031355	0.094035	0.044288	0.0076341	0.067555	0.10052	0.082379	1	0.09485	0.11238	0.086943	-0.0087023	0.076102	0.025605	0.053093	-0.0054302	0.051701	0.018271	0.085994	0.074884
0.11403	0.056781	0.071542	0.013596	0.1331	0.066554	0.069174	0.051137	0.054339	0.10894	0.021603	0.046849	0.10402	0.031714	0.0051572	0.054373	0.030567	0.032842	0.06861	0.086669	0.077986	0.037217	0.09485	1	0.11226	0.11105	0.026256	0.059011	0.011486	0.029622	-0.0067395	-0.020442	0.055323	0.10172	0.091637
0.1432	0.072099	0.091715	0.09037	0.11108	0.091861	0.13282	0.041394	0.16064	0.15286	0.081055	0.19225	0.17504	0.040961	0.043019	0.11393	0.090233	0.060763	0.040876	0.12286	0.17534	0.094182	0.11238	0.11226	1	0.095849	0.14558	0.1913	0.11536	0.044206	0.056783	0.066127	0.060264	0.11861	0.07798
0.17691	0.035773	0.062255	0.10666	0.13475	0.096058	0.11244	0.12569	0.11351	0.1971	0.061678	0.085896	0.054415	0.058846	0.033615	0.069179	0.07884	0.049746	0.056909	0.05559	0.12096	0.093966	0.086943	0.11105	0.095849	1	0.1056	0.057365	0.046227	0.076284	-0.0049273	0.014346	0.045237	0.069316	0.12003
0.12653	0.008092	-0.019623	0.048973	0.12767	0.044028	0.12301	0.10837	0.16899	0.11674	0.012146	0.19728	0.17502	0.096984	0.032766	0.15087	0.12803	0.12453	0.082389	0.13818	0.14485	0.033442	-0.0087023	0.026256	0.14558	0.1056	1	0.23022	0.12881	-0.0039546	0.062443	-0.010774	0.021911	0.10529	0.09642
0.15617	0.010758	-0.02176	0.14998	0.1765	0.069394	0.072635	0.010721	0.15927	0.091041	0.10975	0.22071	0.31716	0.032173	-0.017533	0.1543	0.088883	0.11884	0.061281	0.15939	0.12568	0.096174	0.076102	0.059011	0.1913	0.057365	0.23022	1	0.14325	0.021867	0.086505	0.067175	0.025401	0.076659	0.0267
0.10046	0.009135	0.0068499	0.061875	0.024001	0.046838	0.12772	0.040411	0.10422	0.035665	0.068595	0.20182	0.051032	0.083104	0.019795	0.12507	0.10893	0.093482	0.0066859	0.13361	0.13707	0.042097	0.025605	0.011486	0.11536	0.046227	0.12881	0.14325	1	0.029828	0.034786	-0.0021082	-0.016494	0.13108	0.067106
0.033477	0.0074355	0.0188	0.042659	0.059124	-0.013586	0.066722	0.040128	0.02544	0.064648	0.023377	0.094312	0.048169	0.031528	0.053322	0.037313	0.0087068	-0.029344	0.045864	0.024605	0.052024	0.068431	0.053093	0.029622	0.044206	0.076284	-0.0039546	0.021867	0.029828	1	0.012274	0.023336	0.073067	0.024539	0.038077
0.0087213	0.025165	0.012325	0.015374	-0.014539	-0.0080072	0.0091075	0.035396	0.029885	0.0081547	0.0304	0.080498	0.059964	-0.016293	0.0012076	0.06045	-0.0016729	0.049402	0.027787	0.076432	0.067848	-0.011657	-0.0054302	-0.0067395	0.056783	-0.0049273	0.062443	0.086505	0.034786	0.012274	1	0.071778	-0.029035	0.042665	-0.015724
-0.017007	-0.0070874	-0.0039528	-0.015805	-0.011603	-0.054075	-0.020023	-0.03915	0.028897	-0.026127	-0.024875	0.013316	0.024358	0.011604	0.0092971	0.094863	-0.013099	-0.046388	-0.041087	0.051253	0.013991	0.011382	0.051701	-0.020442	0.066127	0.014346	-0.010774	0.067175	-0.0021082	0.023336	0.071778	1	-0.0216	0.0062245	0.00057765
0.062991	0.037529	0.032716	0.057307	0.088506	0.03957	0.052815	0.035229	0.034691	0.073653	0.03051	0.035696	0.063621	0.0241	-0.061718	-0.055435	0.0040734	0.03995	0.045138	-0.025181	0.018148	0.11794	0.018271	0.055323	0.060264	0.045237	0.021911	0.025401	-0.016494	0.073067	-0.029035	-0.0216	1	0.0073606	0.0015335
0.20037	0.0046091	0.048507	0.09608	0.010641	0.059904	0.10721	0.14457	0.1729	0.10091	0.052034	0.1666	0.053596	0.1153	0.034097	0.18691	0.32751	0.12745	0.092403	0.21898	0.18366	0.051918	0.085994	0.10172	0.11861	0.069316	0.10529	0.076659	0.13108	0.024539	0.042665	0.0062245	0.0073606	1	0.12733
0.099188	0.02381	0.06783	0.010748	0.14095	0.11456	0.10072	0.16576	0.054041	0.13325	0.037505	0.081269	0.086767	0.072324	0.048087	0.10682	0.11084	0.030228	0.11931	0.12797	0.20042	0.015522	0.074884	0.091637	0.07798	0.12003	0.09642	0.0267	0.067106	0.038077	-0.015724	0.00057765	0.0015335	0.12733	1
