1	0.059939	0.083296	0.18979	0.1289	0.10887	0.15185	0.10082	0.20052	0.17628	0.076469	0.14993	0.15683	0.10323	0.019815	0.077427	0.1849	0.089357	0.094893	0.13068	0.090327	0.16942	0.073419	0.073677	0.1366	0.11758	0.092797	0.13331	0.10905	-0.0067117	0.040389	-0.0014678	0.042836	0.17411	0.11321
0.059939	1	0.08556	0.044153	0.014948	0.016179	0.061509	0.036491	0.041572	0.0059255	0.059526	0.025931	0.022216	-0.037598	0.02402	-0.010123	0.031618	0.02338	0.0053037	0.046675	0.048351	0.030108	0.087634	0.072673	0.069656	0.11317	0.061177	-0.0099551	0.083015	0.011515	0.05573	0.023923	-0.023914	0.080612	0.045647
0.083296	0.08556	1	0.045011	0.033944	0.041796	0.030875	0.05935	0.018955	0.076733	0.024394	0.016658	0.067091	0.035425	0.037681	0.06182	0.077045	0.017884	0.015116	0.096592	0.074001	0.067001	0.094125	0.073434	0.056894	0.052448	0.022941	0.037267	0.052151	0.01613	0.009203	-0.025286	-0.022716	0.032533	0.074371
0.18979	0.044153	0.045011	1	0.18308	0.16984	0.21499	0.098625	0.16065	0.15134	0.059145	0.14417	0.11187	0.032503	0.04153	0.0039809	0.064187	0.081589	0.062127	0.055414	0.017871	0.17028	0.083048	0.051142	0.1027	0.093669	0.050396	0.11989	0.047404	0.13428	-0.0074169	-0.038333	0.067117	0.028173	0.082663
0.1289	0.014948	0.033944	0.18308	1	0.20001	0.12769	0.22047	0.098555	0.33966	0.04868	0.044178	0.18746	0.042095	0.053108	0.058887	0.010394	0.042195	0.24382	0.038207	0.07439	0.10793	0.042841	0.087398	0.12027	0.12745	0.11184	0.18036	0.012297	0.073389	0.032453	-0.089405	0.066872	0.018907	0.1062
0.10887	0.016179	0.041796	0.16984	0.20001	1	0.22883	0.076819	0.094813	0.15964	0.051999	0.030613	0.13695	0.026986	0.048982	0.019817	0.085496	0.053333	0.14399	0.01766	0.070374	0.10809	0.022678	0.073946	0.11876	0.056644	0.012546	0.086724	-0.010836	0.033721	0.0184	-0.043045	0.035054	0.091884	0.091765
0.15185	0.061509	0.030875	0.21499	0.12769	0.22883	1	0.058032	0.13584	0.10403	0.1091	0.18298	0.035053	0.082722	0.028643	0.051795	0.10037	0.071578	0.033384	0.1641	0.11591	0.16171	0.074612	0.11269	0.10012	0.092326	0.024224	0.089181	0.092212	0.079334	0.003838	0.0043358	0.10441	0.087193	0.043192
0.10082	0.036491	0.05935	0.098625	0.22047	0.076819	0.058032	1	0.06835	0.23233	0.034453	0.045421	0.1149	0.038024	0.052662	0.072167	0.10304	0.016767	0.22018	0.089967	0.15356	0.035177	0.048441	0.086896	0.058804	0.084473	0.082008	0.023202	0.057084	0.026939	0.056207	-0.021187	-0.0021354	0.096496	0.15609
0.20052	0.041572	0.018955	0.16065	0.098555	0.094813	0.13584	0.06835	1	0.18305	0.069791	0.19524	0.10903	0.064547	0.0015041	0.069718	0.23496	0.20402	0.066411	0.069868	0.12305	0.15485	0.088599	0.079457	0.14595	0.15639	0.13879	0.14999	0.076603	0.11063	0.018417	0.01642	0.073918	0.18481	0.12732
0.17628	0.0059255	0.076733	0.15134	0.33966	0.15964	0.10403	0.23233	0.18305	1	0.022973	0.024836	0.15744	0.059755	0.035305	0.05366	0.042326	0.064799	0.26683	0.034915	0.037679	0.1147	0.06949	0.10906	0.08221	0.18901	0.10407	0.18029	0.083763	0.054276	-0.015356	-0.035989	0.055335	0.056279	0.1489
0.076469	0.059526	0.024394	0.059145	0.04868	0.051999	0.1091	0.034453	0.069791	0.022973	1	0.12495	0.03121	-0.0014339	0.068999	0.058874	0.065025	0.047031	0.015096	0.11671	0.055124	0.11874	0.051603	0.070011	0.04972	0.023855	0.064671	0.037279	0.069375	0.024383	0.017681	0.021783	0.030845	0.091244	0.0024412
0.14993	0.025931	0.016658	0.14417	0.044178	0.030613	0.18298	0.045421	0.19524	0.024836	0.12495	1	0.12822	0.086094	0.059927	0.14735	0.14655	0.12086	0.0064776	0.23396	0.1926	0.12178	0.059871	0.0066182	0.20602	0.049815	0.12869	0.19995	0.098654	0.034182	0.020539	0.023139	0.060817	0.091456	0.048518
0.15683	0.022216	0.067091	0.11187	0.18746	0.13695	0.035053	0.1149	0.10903	0.15744	0.03121	0.12822	1	0.061548	0.066726	0.13644	0.11766	0.066276	0.17166	0.096573	0.13467	0.08083	0.033472	0.059829	0.13734	0.066952	0.099691	0.2565	0.05788	0.051587	0.065855	-0.015704	0.037453	0.10625	0.10196
0.10323	-0.037598	0.035425	0.032503	0.042095	0.026986	0.082722	0.038024	0.064547	0.059755	-0.0014339	0.086094	0.061548	1	0.022947	0.045963	0.067245	-0.0039776	0.04278	0.052901	0.042992	0.021272	0.063451	0.06133	0.059081	-0.011431	0.0702	0.047077	0.014774	0.062141	0.0048276	0.060094	0.067829	0.064442	0.070101
0.019815	0.02402	0.037681	0.04153	0.053108	0.048982	0.028643	0.052662	0.0015041	0.035305	0.068999	0.059927	0.066726	0.022947	1	0.037733	0.014929	0.056142	0.050291	0.028451	0.10043	-0.023904	0.027574	0.034178	0.059723	0.030163	0.068504	0.039528	0.054158	-0.0094791	0.047972	-0.018726	-0.014586	0.06594	0.048098
0.077427	-0.010123	0.06182	0.0039809	0.058887	0.019817	0.051795	0.072167	0.069718	0.05366	0.058874	0.14735	0.13644	0.045963	0.037733	1	0.16078	0.057116	0.13508	0.28713	0.28916	0.010458	0.014454	0.0013351	0.092917	0.0030038	0.15231	0.17067	0.13111	0.032441	0.044631	0.088058	-0.073517	0.14226	0.012586
0.1849	0.031618	0.077045	0.064187	0.010394	0.085496	0.10037	0.10304	0.23496	0.042326	0.065025	0.14655	0.11766	0.067245	0.014929	0.16078	1	0.12385	0.072506	0.11977	0.17673	0.060232	0.11373	0.085939	0.15454	0.046021	0.13141	0.14964	0.13867	0.044922	-0.00060283	-4.2767e-05	-0.034547	0.37251	0.14519
0.089357	0.02338	0.017884	0.081589	0.042195	0.053333	0.071578	0.016767	0.20402	0.064799	0.047031	0.12086	0.066276	-0.0039776	0.056142	0.057116	0.12385	1	0.055122	0.038713	0.076849	0.029188	0.015202	0.008457	0.088121	0.099595	0.11425	0.11014	0.072313	0.0050902	0.037516	0.010922	-0.023657	0.12068	0.042522
0.094893	0.0053037	0.015116	0.062127	0.24382	0.14399	0.033384	0.22018	0.066411	0.26683	0.015096	0.0064776	0.17166	0.04278	0.050291	0.13508	0.072506	0.055122	1	0.07672	0.12783	0.0070025	0.067163	0.083884	0.078899	0.088169	0.10307	0.12889	0.065329	0.064744	0.064813	-0.0012005	0.0067247	0.13596	0.16488
0.13068	0.046675	0.096592	0.055414	0.038207	0.01766	0.1641	0.089967	0.069868	0.034915	0.11671	0.23396	0.096573	0.052901	0.028451	0.28713	0.11977	0.038713	0.07672	1	0.18223	0.08057	0.082131	0.064508	0.13237	0.05865	0.10221	0.12428	0.12582	0.024816	0.028615	0.0049942	-0.040412	0.12479	0.058922
0.090327	0.048351	0.074001	0.017871	0.07439	0.070374	0.11591	0.15356	0.12305	0.037679	0.055124	0.1926	0.13467	0.042992	0.10043	0.28916	0.17673	0.076849	0.12783	0.18223	1	0.045188	0.059144	0.068142	0.09007	0.038715	0.14977	0.12298	0.15943	0.081735	0.048409	0.027644	-0.022931	0.23232	0.12684
0.16942	0.030108	0.067001	0.17028	0.10793	0.10809	0.16171	0.035177	0.15485	0.1147	0.11874	0.12178	0.08083	0.021272	-0.023904	0.010458	0.060232	0.029188	0.0070025	0.08057	0.045188	1	0.11735	0.061733	0.16624	0.072192	0.027487	0.1072	0.064755	0.079472	0.0072851	0.00014873	0.062325	0.081394	0.049473
0.073419	0.087634	0.094125	0.083048	0.042841	0.022678	0.074612	0.048441	0.088599	0.06949	0.051603	0.059871	0.033472	0.063451	0.027574	0.014454	0.11373	0.015202	0.067163	0.082131	0.059144	0.11735	1	0.12538	0.11358	0.073841	0.023611	0.088936	0.061747	0.043156	0.02627	0.023947	-0.01597	0.097985	0.080723
0.073677	0.072673	0.073434	0.051142	0.087398	0.073946	0.11269	0.086896	0.079457	0.10906	0.070011	0.0066182	0.059829	0.06133	0.034178	0.0013351	0.085939	0.008457	0.083884	0.064508	0.068142	0.061733	0.12538	1	0.12298	0.079592	0.010482	0.045454	0.018123	-0.0091997	-0.010201	-0.0098785	0.039002	0.060853	0.14153
0.1366	0.069656	0.056894	0.1027	0.12027	0.11876	0.10012	0.058804	0.14595	0.08221	0.04972	0.20602	0.13734	0.059081	0.059723	0.092917	0.15454	0.088121	0.078899	0.13237	0.09007	0.16624	0.11358	0.12298	1	0.045393	0.085731	0.20056	0.12614	0.030936	0.074381	0.068165	0.017687	0.087477	0.058231
0.11758	0.11317	0.052448	0.093669	0.12745	0.056644	0.092326	0.084473	0.15639	0.18901	0.023855	0.049815	0.066952	-0.011431	0.030163	0.0030038	0.046021	0.099595	0.088169	0.05865	0.038715	0.072192	0.073841	0.079592	0.045393	1	0.065224	0.039097	0.018446	-0.0090235	0.0042131	-0.060681	0.0343	0.040616	0.10652
0.092797	0.061177	0.022941	0.050396	0.11184	0.012546	0.024224	0.082008	0.13879	0.10407	0.064671	0.12869	0.099691	0.0702	0.068504	0.15231	0.13141	0.11425	0.10307	0.10221	0.14977	0.027487	0.023611	0.010482	0.085731	0.065224	1	0.14983	0.10531	0.062361	0.051877	0.015733	-0.026638	0.13743	0.084898
0.13331	-0.0099551	0.037267	0.11989	0.18036	0.086724	0.089181	0.023202	0.14999	0.18029	0.037279	0.19995	0.2565	0.047077	0.039528	0.17067	0.14964	0.11014	0.12889	0.12428	0.12298	0.1072	0.088936	0.045454	0.20056	0.039097	0.14983	1	0.14992	0.035057	0.083153	0.045698	0.050646	0.093863	-0.00226
0.10905	0.083015	0.052151	0.047404	0.012297	-0.010836	0.092212	0.057084	0.076603	0.083763	0.069375	0.098654	0.05788	0.014774	0.054158	0.13111	0.13867	0.072313	0.065329	0.12582	0.15943	0.064755	0.061747	0.018123	0.12614	0.018446	0.10531	0.14992	1	0.05987	0.02213	0.063424	-0.014394	0.19283	0.068114
-0.0067117	0.011515	0.01613	0.13428	0.073389	0.033721	0.079334	0.026939	0.11063	0.054276	0.024383	0.034182	0.051587	0.062141	-0.0094791	0.032441	0.044922	0.0050902	0.064744	0.024816	0.081735	0.079472	0.043156	-0.0091997	0.030936	-0.0090235	0.062361	0.035057	0.05987	1	0.034921	0.03155	0.050438	0.02947	0.065027
0.040389	0.05573	0.009203	-0.0074169	0.032453	0.0184	0.003838	0.056207	0.018417	-0.015356	0.017681	0.020539	0.065855	0.0048276	0.047972	0.044631	-0.00060283	0.037516	0.064813	0.028615	0.048409	0.0072851	0.02627	-0.010201	0.074381	0.0042131	0.051877	0.083153	0.02213	0.034921	1	0.092494	-0.015566	0.0078491	-0.0056137
-0.0014678	0.023923	-0.025286	-0.038333	-0.089405	-0.043045	0.0043358	-0.021187	0.01642	-0.035989	0.021783	0.023139	-0.015704	0.060094	-0.018726	0.088058	-4.2767e-05	0.010922	-0.0012005	0.0049942	0.027644	0.00014873	0.023947	-0.0098785	0.068165	-0.060681	0.015733	0.045698	0.063424	0.03155	0.092494	1	-0.012209	0.020665	-0.061805
0.042836	-0.023914	-0.022716	0.067117	0.066872	0.035054	0.10441	-0.0021354	0.073918	0.055335	0.030845	0.060817	0.037453	0.067829	-0.014586	-0.073517	-0.034547	-0.023657	0.0067247	-0.040412	-0.022931	0.062325	-0.01597	0.039002	0.017687	0.0343	-0.026638	0.050646	-0.014394	0.050438	-0.015566	-0.012209	1	-0.05431	0.031491
0.17411	0.080612	0.032533	0.028173	0.018907	0.091884	0.087193	0.096496	0.18481	0.056279	0.091244	0.091456	0.10625	0.064442	0.06594	0.14226	0.37251	0.12068	0.13596	0.12479	0.23232	0.081394	0.097985	0.060853	0.087477	0.040616	0.13743	0.093863	0.19283	0.02947	0.0078491	0.020665	-0.05431	1	0.15586
0.11321	0.045647	0.074371	0.082663	0.1062	0.091765	0.043192	0.15609	0.12732	0.1489	0.0024412	0.048518	0.10196	0.070101	0.048098	0.012586	0.14519	0.042522	0.16488	0.058922	0.12684	0.049473	0.080723	0.14153	0.058231	0.10652	0.084898	-0.00226	0.068114	0.065027	-0.0056137	-0.061805	0.031491	0.15586	1
