1	0.063273	0.052575	0.13381	0.094449	0.090719	0.16123	0.032404	0.23554	0.18267	0.066045	0.16238	0.098658	0.12313	0.028902	0.11438	0.19796	0.08569	0.10937	0.13603	0.15262	0.11133	0.054487	0.06261	0.093135	0.095395	0.078285	0.11042	0.075997	0.032475	-0.01392	0.061693	0.03423	0.27621	0.12196
0.063273	1	0.091143	0.038371	0.031218	0.028645	0.040881	-0.011872	0.044623	0.018899	0.06908	0.026266	0.023194	-0.052386	0.035999	-0.046744	0.012434	0.026202	0.020472	-0.016738	0.0079291	0.070067	0.10217	0.042646	0.038911	0.053117	-0.028448	0.044788	0.046823	0.017915	0.01739	0.016406	0.020052	0.031317	-0.01375
0.052575	0.091143	1	0.036303	0.05731	0.044414	0.068843	0.0082648	0.031822	0.068941	0.047117	0.048326	0.047974	0.026852	0.041943	0.017929	0.016858	0.027983	0.042548	0.011013	0.02943	0.048325	0.062987	0.031486	0.079453	0.10918	0.036171	0.078943	0.087813	0.023003	0.0095838	-0.020074	0.062854	0.020071	0.064084
0.13381	0.038371	0.036303	1	0.16038	0.061782	0.1591	0.0096504	0.1343	0.086564	0.054616	0.14808	0.10556	-0.0017344	-0.029369	0.057231	0.078354	0.075062	0.047571	0.064364	0.053711	0.11348	0.021126	0.014274	0.094331	0.044472	0.03065	0.085369	0.024322	0.046026	0.01497	0.0089263	0.057385	0.04842	-0.0057404
0.094449	0.031218	0.05731	0.16038	1	0.083144	0.072222	0.17681	0.11582	0.27842	0.010071	0.16523	0.2036	0.068322	0.080165	0.10362	0.06695	0.076652	0.16881	0.10913	0.14709	0.090338	0.058138	0.06596	0.12504	0.078603	0.11732	0.17659	0.036679	0.059387	0.00012442	0.04949	0.083976	0.057669	0.069225
0.090719	0.028645	0.044414	0.061782	0.083144	1	0.18361	0.052002	0.11011	0.14876	0.035004	0.058112	0.095723	0.0090448	0.019599	0.053796	0.086452	0.089948	0.11043	0.062079	0.075522	0.041269	0.056499	0.0038161	0.037604	0.075369	0.063705	0.092532	-0.019584	0.035527	0.030032	-0.013101	0.056781	0.095827	0.16397
0.16123	0.040881	0.068843	0.1591	0.072222	0.18361	1	0.091099	0.18928	0.10838	0.047435	0.20555	0.079867	0.086016	-0.011959	0.089278	0.20256	0.15887	0.052819	0.14722	0.14282	0.083909	0.079242	0.089469	0.091302	0.06938	0.075711	0.076715	0.064099	0.0044094	0.047422	0.030835	0.072809	0.19628	0.11384
0.032404	-0.011872	0.0082648	0.0096504	0.17681	0.052002	0.091099	1	0.035235	0.15477	-0.012849	0.076797	0.081799	0.10324	0.062686	0.10869	0.12401	0.036651	0.24347	0.13372	0.12827	0.016465	0.024814	0.074007	-0.010592	0.053449	0.048824	-0.032008	0.082105	-0.015496	0.021561	-0.024181	0.026946	0.18216	0.18959
0.23554	0.044623	0.031822	0.1343	0.11582	0.11011	0.18928	0.035235	1	0.16106	0.040797	0.25047	0.083251	0.072489	-0.025404	0.1252	0.27592	0.20362	0.073438	0.17922	0.18095	0.14457	0.055518	0.027271	0.14715	0.11738	0.16137	0.15675	0.12907	-0.013754	0.042112	0.02237	0.02332	0.27189	0.080996
0.18267	0.018899	0.068941	0.086564	0.27842	0.14876	0.10838	0.15477	0.16106	1	0.038899	0.11625	0.19015	0.053894	0.059723	0.087118	0.094199	0.04608	0.20803	0.11104	0.10755	0.086959	0.047875	0.04539	0.060332	0.1516	0.079439	0.15084	0.063646	0.017228	0.0032915	0.037554	0.068411	0.12123	0.16368
0.066045	0.06908	0.047117	0.054616	0.010071	0.035004	0.047435	-0.012849	0.040797	0.038899	1	0.11899	0.061758	-0.013445	0.057439	0.014766	0.020978	0.019723	-0.0010311	0.060473	0.030047	0.060629	0.043777	-0.02981	0.032167	0.036372	0.047995	0.08357	0.08516	0.013083	0.043946	0.022679	-0.0093486	0.04499	0.056747
0.16238	0.026266	0.048326	0.14808	0.16523	0.058112	0.20555	0.076797	0.25047	0.11625	0.11899	1	0.21566	0.13775	0.034309	0.42119	0.2707	0.18181	0.082141	0.57783	0.50168	0.045099	0.027783	0.0092573	0.11005	0.068722	0.18418	0.24942	0.17645	0.017363	0.070932	0.040178	0.0028846	0.29648	0.097638
0.098658	0.023194	0.047974	0.10556	0.2036	0.095723	0.079867	0.081799	0.083251	0.19015	0.061758	0.21566	1	0.079677	0.076399	0.19558	0.12569	0.082546	0.12633	0.1568	0.19197	0.028498	0.049536	0.036632	0.028204	0.082809	0.12874	0.30991	0.1261	0.052175	0.053811	0.04557	0.038158	0.13438	0.053735
0.12313	-0.052386	0.026852	-0.0017344	0.068322	0.0090448	0.086016	0.10324	0.072489	0.053894	-0.013445	0.13775	0.079677	1	0.059708	0.15778	0.10154	0.063378	0.045706	0.14954	0.12513	0.061455	0.044047	0.065294	0.06936	0.016769	0.092032	0.093138	0.096061	0.054237	0.0086765	0.053414	0.054267	0.13209	0.11572
0.028902	0.035999	0.041943	-0.029369	0.080165	0.019599	-0.011959	0.062686	-0.025404	0.059723	0.057439	0.034309	0.076399	0.059708	1	0.045692	0.015059	0.012661	0.073695	0.025054	0.059963	-0.057249	0.021386	0.014443	-0.0020846	0.048444	0.015828	0.058274	0.026609	0.062958	0.031362	-0.0083094	0.041346	0.038886	0.094787
0.11438	-0.046744	0.017929	0.057231	0.10362	0.053796	0.089278	0.10869	0.1252	0.087118	0.014766	0.42119	0.19558	0.15778	0.045692	1	0.24807	0.10435	0.1426	0.52022	0.46515	-0.010175	-0.021204	0.0030742	0.041486	0.028379	0.12008	0.15665	0.13619	0.0077666	0.054532	0.059228	-0.052582	0.22943	0.081768
0.19796	0.012434	0.016858	0.078354	0.06695	0.086452	0.20256	0.12401	0.27592	0.094199	0.020978	0.2707	0.12569	0.10154	0.015059	0.24807	1	0.14173	0.12692	0.28245	0.28838	0.062725	0.076144	0.043703	0.059161	0.028453	0.17297	0.13412	0.15242	-0.014133	0.03816	0.0055823	-0.0021301	0.38365	0.10765
0.08569	0.026202	0.027983	0.075062	0.076652	0.089948	0.15887	0.036651	0.20362	0.04608	0.019723	0.18181	0.082546	0.063378	0.012661	0.10435	0.14173	1	0.034823	0.13056	0.12755	0.075947	-0.00098624	-0.02004	0.0019909	0.026499	0.10358	0.13025	0.068395	-0.051584	0.06063	0.0088393	-0.0050734	0.21717	-0.019982
0.10937	0.020472	0.042548	0.047571	0.16881	0.11043	0.052819	0.24347	0.073438	0.20803	-0.0010311	0.082141	0.12633	0.045706	0.073695	0.1426	0.12692	0.034823	1	0.16774	0.16891	0.034804	-0.0053033	0.021109	0.024593	0.041162	0.069324	0.081798	0.049204	0.044279	-0.0023009	-0.022707	0.060538	0.17615	0.093848
0.13603	-0.016738	0.011013	0.064364	0.10913	0.062079	0.14722	0.13372	0.17922	0.11104	0.060473	0.57783	0.1568	0.14954	0.025054	0.52022	0.28245	0.13056	0.16774	1	0.6394	0.0019816	-0.015458	-0.017967	-0.052358	0.028047	0.15821	0.1247	0.15073	0.012062	0.030974	0.03125	-0.019309	0.30527	0.088237
0.15262	0.0079291	0.02943	0.053711	0.14709	0.075522	0.14282	0.12827	0.18095	0.10755	0.030047	0.50168	0.19197	0.12513	0.059963	0.46515	0.28838	0.12755	0.16891	0.6394	1	0.0072038	-0.029628	0.035248	0.0031323	0.063859	0.14918	0.1237	0.16829	0.019194	0.043766	0.0013375	0.023641	0.28429	0.082671
0.11133	0.070067	0.048325	0.11348	0.090338	0.041269	0.083909	0.016465	0.14457	0.086959	0.060629	0.045099	0.028498	0.061455	-0.057249	-0.010175	0.062725	0.075947	0.034804	0.0019816	0.0072038	1	0.095192	0.032605	0.065106	0.072948	0.014832	0.090401	0.062694	0.05526	-0.0027114	0.04655	0.067356	0.062705	0.01289
0.054487	0.10217	0.062987	0.021126	0.058138	0.056499	0.079242	0.024814	0.055518	0.047875	0.043777	0.027783	0.049536	0.044047	0.021386	-0.021204	0.076144	-0.00098624	-0.0053033	-0.015458	-0.029628	0.095192	1	0.10277	0.092964	0.067285	0.013908	0.043173	0.023295	0.021989	-0.013878	0.052747	0.013557	0.021428	0.049403
0.06261	0.042646	0.031486	0.014274	0.06596	0.0038161	0.089469	0.074007	0.027271	0.04539	-0.02981	0.0092573	0.036632	0.065294	0.014443	0.0030742	0.043703	-0.02004	0.021109	-0.017967	0.035248	0.032605	0.10277	1	0.092039	0.086336	0.023216	0.04437	0.034025	0.015404	-0.01808	0.044723	0.054875	0.036132	0.080583
0.093135	0.038911	0.079453	0.094331	0.12504	0.037604	0.091302	-0.010592	0.14715	0.060332	0.032167	0.11005	0.028204	0.06936	-0.0020846	0.041486	0.059161	0.0019909	0.024593	-0.052358	0.0031323	0.065106	0.092964	0.092039	1	0.079233	0.057576	0.15592	0.075656	0.034552	0.040821	0.021119	0.026309	0.029712	0.069933
0.095395	0.053117	0.10918	0.044472	0.078603	0.075369	0.06938	0.053449	0.11738	0.1516	0.036372	0.068722	0.082809	0.016769	0.048444	0.028379	0.028453	0.026499	0.041162	0.028047	0.063859	0.072948	0.067285	0.086336	0.079233	1	0.0756	0.075968	0.082752	-0.012657	-0.037056	0.016017	0.039911	0.026662	0.086914
0.078285	-0.028448	0.036171	0.03065	0.11732	0.063705	0.075711	0.048824	0.16137	0.079439	0.047995	0.18418	0.12874	0.092032	0.015828	0.12008	0.17297	0.10358	0.069324	0.15821	0.14918	0.014832	0.013908	0.023216	0.057576	0.0756	1	0.18555	0.12353	-0.0022891	0.028794	0.045954	0.017659	0.18354	0.042197
0.11042	0.044788	0.078943	0.085369	0.17659	0.092532	0.076715	-0.032008	0.15675	0.15084	0.08357	0.24942	0.30991	0.093138	0.058274	0.15665	0.13412	0.13025	0.081798	0.1247	0.1237	0.090401	0.043173	0.04437	0.15592	0.075968	0.18555	1	0.14295	0.040824	0.057417	0.075741	0.042641	0.13706	-0.0042579
0.075997	0.046823	0.087813	0.024322	0.036679	-0.019584	0.064099	0.082105	0.12907	0.063646	0.08516	0.17645	0.1261	0.096061	0.026609	0.13619	0.15242	0.068395	0.049204	0.15073	0.16829	0.062694	0.023295	0.034025	0.075656	0.082752	0.12353	0.14295	1	0.020098	0.013541	0.011817	-0.006104	0.21421	0.10577
0.032475	0.017915	0.023003	0.046026	0.059387	0.035527	0.0044094	-0.015496	-0.013754	0.017228	0.013083	0.017363	0.052175	0.054237	0.062958	0.0077666	-0.014133	-0.051584	0.044279	0.012062	0.019194	0.05526	0.021989	0.015404	0.034552	-0.012657	-0.0022891	0.040824	0.020098	1	0.0040235	0.026112	0.062229	0.00020415	0.010357
-0.01392	0.01739	0.0095838	0.01497	0.00012442	0.030032	0.047422	0.021561	0.042112	0.0032915	0.043946	0.070932	0.053811	0.0086765	0.031362	0.054532	0.03816	0.06063	-0.0023009	0.030974	0.043766	-0.0027114	-0.013878	-0.01808	0.040821	-0.037056	0.028794	0.057417	0.013541	0.0040235	1	0.073416	-0.030736	0.068051	-0.0073376
0.061693	0.016406	-0.020074	0.0089263	0.04949	-0.013101	0.030835	-0.024181	0.02237	0.037554	0.022679	0.040178	0.04557	0.053414	-0.0083094	0.059228	0.0055823	0.0088393	-0.022707	0.03125	0.0013375	0.04655	0.052747	0.044723	0.021119	0.016017	0.045954	0.075741	0.011817	0.026112	0.073416	1	-0.023896	0.010329	0.0039815
0.03423	0.020052	0.062854	0.057385	0.083976	0.056781	0.072809	0.026946	0.02332	0.068411	-0.0093486	0.0028846	0.038158	0.054267	0.041346	-0.052582	-0.0021301	-0.0050734	0.060538	-0.019309	0.023641	0.067356	0.013557	0.054875	0.026309	0.039911	0.017659	0.042641	-0.006104	0.062229	-0.030736	-0.023896	1	0.0079544	0.037646
0.27621	0.031317	0.020071	0.04842	0.057669	0.095827	0.19628	0.18216	0.27189	0.12123	0.04499	0.29648	0.13438	0.13209	0.038886	0.22943	0.38365	0.21717	0.17615	0.30527	0.28429	0.062705	0.021428	0.036132	0.029712	0.026662	0.18354	0.13706	0.21421	0.00020415	0.068051	0.010329	0.0079544	1	0.12734
0.12196	-0.01375	0.064084	-0.0057404	0.069225	0.16397	0.11384	0.18959	0.080996	0.16368	0.056747	0.097638	0.053735	0.11572	0.094787	0.081768	0.10765	-0.019982	0.093848	0.088237	0.082671	0.01289	0.049403	0.080583	0.069933	0.086914	0.042197	-0.0042579	0.10577	0.010357	-0.0073376	0.0039815	0.037646	0.12734	1
