1	0.077878	0.040997	0.15245	0.16249	0.052163	0.17974	0.085631	0.24469	0.19771	0.091235	0.17371	0.16056	0.13022	0.040685	0.11217	0.26928	0.17559	0.11699	0.16094	0.15619	0.12406	0.12955	0.13191	0.16261	0.14807	0.17695	0.15219	0.16424	0.057737	0.030351	0.034147	0.06433	0.30997	0.18126
0.077878	1	0.087664	0.039665	0.041604	0.029063	0.047585	0.030835	0.055406	0.061245	0.059398	0.052753	0.0066791	0.042425	-0.015413	0.055388	0.0938	0.04338	-0.0057953	0.090712	0.021645	0.044643	0.095677	0.089516	0.075521	0.062301	-0.01807	0.026182	0.043833	-0.003971	0.00069854	-0.014289	-0.022933	0.05212	0.068858
0.040997	0.087664	1	0.043218	0.072614	0.057401	0.063937	0.10459	0.026381	0.040967	-0.020602	0.011932	0.042765	0.022364	0.032191	0.0093923	0.031109	0.023695	0.022311	-0.0061311	0.041638	0.063313	0.067995	0.07627	0.064304	0.10494	0.0042345	-0.018604	0.029547	0.025435	0.043193	-0.014611	0.03858	0.030432	0.081568
0.15245	0.039665	0.043218	1	0.15828	0.16194	0.11026	0.10707	0.075087	0.11885	0.087745	0.10704	0.13026	0.071836	-0.025712	0.036134	0.15434	0.10762	0.075438	0.081735	0.066268	0.14946	0.13234	0.12538	0.15728	0.11998	0.032664	0.11693	0.067085	0.059194	0.029358	0.020212	0.061828	0.15614	0.084991
0.16249	0.041604	0.072614	0.15828	1	0.16559	0.081231	0.22599	0.079048	0.27371	-0.008164	0.10872	0.25279	0.060213	0.073566	0.079949	0.12124	0.060999	0.21386	0.058928	0.06149	0.087562	0.083373	0.17058	0.16623	0.14594	0.043138	0.17922	-0.01723	0.071611	-0.010901	-0.0012303	0.099989	0.12111	0.13753
0.052163	0.029063	0.057401	0.16194	0.16559	1	0.29028	-0.022795	0.12309	0.14891	0.048298	0.082885	0.12289	0.023262	0.022163	0.065513	0.13085	0.13788	0.10378	0.055746	0.097801	0.078706	0.051103	0.075866	0.095265	0.105	0.057397	0.059024	0.014239	-0.0018406	-0.038236	-0.059473	0.011553	0.1368	0.14249
0.17974	0.047585	0.063937	0.11026	0.081231	0.29028	1	0.050381	0.2129	0.085751	0.076684	0.18488	0.067658	0.059097	-0.014838	0.076207	0.1691	0.13157	0.04769	0.11522	0.086277	0.10851	0.12148	0.12134	0.16956	0.10671	0.12813	0.10924	0.089791	0.036512	-0.0044214	-0.014042	0.050041	0.13702	0.11052
0.085631	0.030835	0.10459	0.10707	0.22599	-0.022795	0.050381	1	0.0095627	0.22469	0.018418	0.091654	0.12918	0.10184	0.069902	0.13766	0.11722	0.049643	0.19098	0.11262	0.14848	0.01824	0.024415	0.096141	0.072398	0.10199	0.0445	0.024921	0.036887	0.057594	-0.0075785	-0.013209	0.040546	0.15727	0.16485
0.24469	0.055406	0.026381	0.075087	0.079048	0.12309	0.2129	0.0095627	1	0.15546	0.06109	0.27404	0.11577	0.12214	-0.0090241	0.095484	0.31109	0.22722	0.0061191	0.16312	0.10934	0.14145	0.082695	0.090724	0.15839	0.084129	0.19383	0.13482	0.1527	0.049188	-0.0056966	-0.011033	0.0025166	0.27538	0.11386
0.19771	0.061245	0.040967	0.11885	0.27371	0.14891	0.085751	0.22469	0.15546	1	0.02305	0.12675	0.20349	0.07562	0.078249	0.17101	0.16219	0.090516	0.29069	0.12554	0.14381	0.060117	0.068767	0.12945	0.13756	0.17294	0.08732	0.10905	0.10933	0.045914	-0.034203	0.025034	0.068373	0.2086	0.16032
0.091235	0.059398	-0.020602	0.087745	-0.008164	0.048298	0.076684	0.018418	0.06109	0.02305	1	0.10665	0.0034381	0.032749	0.033122	0.040734	0.041096	0.085385	-0.019481	0.076922	0.068976	0.074828	0.078897	0.036295	0.065094	0.022709	0.044998	0.061254	0.071619	0.046514	0.0058845	0.0089676	0.036682	0.07836	0.03753
0.17371	0.052753	0.011932	0.10704	0.10872	0.082885	0.18488	0.091654	0.27404	0.12675	0.10665	1	0.13041	0.096178	0.053706	0.23296	0.23931	0.07976	0.020503	0.30767	0.26032	0.12025	0.069895	0.095526	0.20901	0.089746	0.17291	0.20991	0.16347	0.047339	0.022093	0.0026583	0.013891	0.21144	0.042528
0.16056	0.0066791	0.042765	0.13026	0.25279	0.12289	0.067658	0.12918	0.11577	0.20349	0.0034381	0.13041	1	0.10011	0.083651	0.12925	0.11984	0.068346	0.13564	0.13328	0.09379	0.082145	0.076367	0.089714	0.16128	0.1194	0.10922	0.22129	0.012158	0.073681	0.052604	0.028229	0.070412	0.15148	0.090617
0.13022	0.042425	0.022364	0.071836	0.060213	0.023262	0.059097	0.10184	0.12214	0.07562	0.032749	0.096178	0.10011	1	0.086057	0.068718	0.12615	0.068595	0.065219	0.080884	0.10131	0.065389	0.031641	0.08661	0.079873	0.062431	0.073274	0.088035	0.057253	0.044262	0.042207	0.0114	0.016972	0.081156	0.038983
0.040685	-0.015413	0.032191	-0.025712	0.073566	0.022163	-0.014838	0.069902	-0.0090241	0.078249	0.033122	0.053706	0.083651	0.086057	1	0.0025877	0.017081	0.0091367	0.028789	0.031093	0.084123	-0.02273	0.084112	0.050866	0.029417	0.076088	0.038972	0.11214	0.020935	-0.01321	0.036843	-0.01056	-0.010948	0.016177	0.018819
0.11217	0.055388	0.0093923	0.036134	0.079949	0.065513	0.076207	0.13766	0.095484	0.17101	0.040734	0.23296	0.12925	0.068718	0.0025877	1	0.2206	0.091031	0.1791	0.3096	0.24755	0.046938	0.0010541	0.073271	0.066897	0.020277	0.054011	0.076843	0.13329	0.04893	0.038551	0.081683	0.019339	0.23058	0.06353
0.26928	0.0938	0.031109	0.15434	0.12124	0.13085	0.1691	0.11722	0.31109	0.16219	0.041096	0.23931	0.11984	0.12615	0.017081	0.2206	1	0.20116	0.10883	0.18845	0.20326	0.11039	0.097736	0.074899	0.17995	0.082588	0.17721	0.13774	0.17172	0.040155	0.044201	0.033887	-0.0040884	0.38069	0.10081
0.17559	0.04338	0.023695	0.10762	0.060999	0.13788	0.13157	0.049643	0.22722	0.090516	0.085385	0.07976	0.068346	0.068595	0.0091367	0.091031	0.20116	1	0.025248	0.1124	0.11033	0.082061	0.053978	0.029265	0.065398	0.086588	0.12981	0.084063	0.090286	0.063921	-0.012483	-0.0070451	-0.018354	0.1969	0.064838
0.11699	-0.0057953	0.022311	0.075438	0.21386	0.10378	0.04769	0.19098	0.0061191	0.29069	-0.019481	0.020503	0.13564	0.065219	0.028789	0.1791	0.10883	0.025248	1	0.085215	0.11999	0.051075	0.019106	0.09003	0.066347	0.10315	0.068789	0.082507	0.048216	0.044099	-0.010362	0.032177	0.040138	0.14859	0.12223
0.16094	0.090712	-0.0061311	0.081735	0.058928	0.055746	0.11522	0.11262	0.16312	0.12554	0.076922	0.30767	0.13328	0.080884	0.031093	0.3096	0.18845	0.1124	0.085215	1	0.28562	0.076955	0.087316	0.07831	0.10697	0.10839	0.10864	0.20086	0.14004	0.060061	0.010789	0.062506	0.019948	0.21347	0.07744
0.15619	0.021645	0.041638	0.066268	0.06149	0.097801	0.086277	0.14848	0.10934	0.14381	0.068976	0.26032	0.09379	0.10131	0.084123	0.24755	0.20326	0.11033	0.11999	0.28562	1	0.067707	0.10189	0.05974	0.022903	0.092202	0.089122	0.096036	0.10211	0.046606	0.016999	0.014706	0.015451	0.20695	0.091981
0.12406	0.044643	0.063313	0.14946	0.087562	0.078706	0.10851	0.01824	0.14145	0.060117	0.074828	0.12025	0.082145	0.065389	-0.02273	0.046938	0.11039	0.082061	0.051075	0.076955	0.067707	1	0.10003	0.072275	0.063529	0.042476	0.075483	0.1163	0.072602	0.082129	0.0025038	0.012631	0.065809	0.13284	0.092739
0.12955	0.095677	0.067995	0.13234	0.083373	0.051103	0.12148	0.024415	0.082695	0.068767	0.078897	0.069895	0.076367	0.031641	0.084112	0.0010541	0.097736	0.053978	0.019106	0.087316	0.10189	0.10003	1	0.10461	0.12866	0.075638	0.010423	0.068367	-0.010273	0.059509	0.030374	0.014326	0.04211	0.095067	0.046225
0.13191	0.089516	0.07627	0.12538	0.17058	0.075866	0.12134	0.096141	0.090724	0.12945	0.036295	0.095526	0.089714	0.08661	0.050866	0.073271	0.074899	0.029265	0.09003	0.07831	0.05974	0.072275	0.10461	1	0.16316	0.13718	0.0071154	0.055903	0.016862	0.027698	-0.015245	0.039773	0.057802	0.11094	0.13654
0.16261	0.075521	0.064304	0.15728	0.16623	0.095265	0.16956	0.072398	0.15839	0.13756	0.065094	0.20901	0.16128	0.079873	0.029417	0.066897	0.17995	0.065398	0.066347	0.10697	0.022903	0.063529	0.12866	0.16316	1	0.085577	0.11745	0.14726	0.066565	0.032247	0.077608	0.052957	-0.0079572	0.15937	0.10869
0.14807	0.062301	0.10494	0.11998	0.14594	0.105	0.10671	0.10199	0.084129	0.17294	0.022709	0.089746	0.1194	0.062431	0.076088	0.020277	0.082588	0.086588	0.10315	0.10839	0.092202	0.042476	0.075638	0.13718	0.085577	1	0.05385	0.094817	0.014025	0.021384	0.010697	-0.0067721	0.060793	0.10483	0.12682
0.17695	-0.01807	0.0042345	0.032664	0.043138	0.057397	0.12813	0.0445	0.19383	0.08732	0.044998	0.17291	0.10922	0.073274	0.038972	0.054011	0.17721	0.12981	0.068789	0.10864	0.089122	0.075483	0.010423	0.0071154	0.11745	0.05385	1	0.16244	0.12605	0.037944	0.026589	0.0014195	0.021663	0.13463	0.041822
0.15219	0.026182	-0.018604	0.11693	0.17922	0.059024	0.10924	0.024921	0.13482	0.10905	0.061254	0.20991	0.22129	0.088035	0.11214	0.076843	0.13774	0.084063	0.082507	0.20086	0.096036	0.1163	0.068367	0.055903	0.14726	0.094817	0.16244	1	0.10958	0.043248	0.061236	0.06409	0.042499	0.10852	0.0071866
0.16424	0.043833	0.029547	0.067085	-0.01723	0.014239	0.089791	0.036887	0.1527	0.10933	0.071619	0.16347	0.012158	0.057253	0.020935	0.13329	0.17172	0.090286	0.048216	0.14004	0.10211	0.072602	-0.010273	0.016862	0.066565	0.014025	0.12605	0.10958	1	0.033956	0.033857	0.012263	-0.022059	0.21589	0.027655
0.057737	-0.003971	0.025435	0.059194	0.071611	-0.0018406	0.036512	0.057594	0.049188	0.045914	0.046514	0.047339	0.073681	0.044262	-0.01321	0.04893	0.040155	0.063921	0.044099	0.060061	0.046606	0.082129	0.059509	0.027698	0.032247	0.021384	0.037944	0.043248	0.033956	1	0.027378	-0.029309	0.10797	0.010426	0.077041
0.030351	0.00069854	0.043193	0.029358	-0.010901	-0.038236	-0.0044214	-0.0075785	-0.0056966	-0.034203	0.0058845	0.022093	0.052604	0.042207	0.036843	0.038551	0.044201	-0.012483	-0.010362	0.010789	0.016999	0.0025038	0.030374	-0.015245	0.077608	0.010697	0.026589	0.061236	0.033857	0.027378	1	0.092875	-0.020795	-0.021484	0.020239
0.034147	-0.014289	-0.014611	0.020212	-0.0012303	-0.059473	-0.014042	-0.013209	-0.011033	0.025034	0.0089676	0.0026583	0.028229	0.0114	-0.01056	0.081683	0.033887	-0.0070451	0.032177	0.062506	0.014706	0.012631	0.014326	0.039773	0.052957	-0.0067721	0.0014195	0.06409	0.012263	-0.029309	0.092875	1	0.014665	0.033324	-0.035714
0.06433	-0.022933	0.03858	0.061828	0.099989	0.011553	0.050041	0.040546	0.0025166	0.068373	0.036682	0.013891	0.070412	0.016972	-0.010948	0.019339	-0.0040884	-0.018354	0.040138	0.019948	0.015451	0.065809	0.04211	0.057802	-0.0079572	0.060793	0.021663	0.042499	-0.022059	0.10797	-0.020795	0.014665	1	0.048659	0.051985
0.30997	0.05212	0.030432	0.15614	0.12111	0.1368	0.13702	0.15727	0.27538	0.2086	0.07836	0.21144	0.15148	0.081156	0.016177	0.23058	0.38069	0.1969	0.14859	0.21347	0.20695	0.13284	0.095067	0.11094	0.15937	0.10483	0.13463	0.10852	0.21589	0.010426	-0.021484	0.033324	0.048659	1	0.12591
0.18126	0.068858	0.081568	0.084991	0.13753	0.14249	0.11052	0.16485	0.11386	0.16032	0.03753	0.042528	0.090617	0.038983	0.018819	0.06353	0.10081	0.064838	0.12223	0.07744	0.091981	0.092739	0.046225	0.13654	0.10869	0.12682	0.041822	0.0071866	0.027655	0.077041	0.020239	-0.035714	0.051985	0.12591	1
