1	0.027816	0.047032	0.073769	0.068164	0.041838	0.10921	0.045449	0.19234	0.1459	0.056232	0.1209	0.093365	0.11909	0.040076	0.033201	0.20227	0.09	0.078213	0.095137	0.12847	0.068527	0.080601	0.035251	0.10133	0.037373	0.10133	0.13681	0.070987	-0.0091974	0.070255	0.057961	0.0066867	0.24789	0.077278
0.027816	1	0.071956	0.039232	0.04709	0.027607	0.058999	0.067423	0.035536	-0.0084259	0.0091168	0.02021	0.019347	0.013874	0.023579	0.0087286	0.025818	0.0376	-0.011732	0.037318	-0.018825	0.042571	0.067969	0.013304	0.049385	0.067776	0.013316	-0.0097304	-0.007481	0.0063911	0.0092116	-0.027029	0.0089031	0.026044	0.060752
0.047032	0.071956	1	-0.0037218	0.016782	0.042998	0.063976	0.041107	0.03081	0.037008	0.0062611	-0.0029968	0.0076273	0.043417	0.035791	-0.015043	0.00094625	0.046834	0.0081533	0.038162	0.034831	-0.0071737	0.047057	0.062344	0.026332	0.023891	-0.0028951	0.020221	0.0080062	0.010427	-0.0094157	-0.036481	0.00015193	0.028716	0.067874
0.073769	0.039232	-0.0037218	1	0.093773	0.086879	0.088009	0.028305	0.11583	0.084705	0.018613	0.12835	0.12135	0.00071448	-0.038039	0.06639	0.045657	0.093738	0.0078443	0.081256	0.059557	0.11952	0.05996	0.039601	0.049595	0.017455	0.045178	0.052729	0.033984	-0.0037768	0.0015582	0.025193	0.028794	0.082396	0.012875
0.068164	0.04709	0.016782	0.093773	1	0.14343	0.11072	0.2249	0.040944	0.27461	0.0044725	0.018668	0.20217	0.035434	0.020836	0.053405	0.0083913	0.057663	0.13989	0.030614	0.092591	0.07271	0.067566	0.089217	0.096818	0.098295	0.091319	0.11248	-0.046128	0.034164	-0.0027695	-0.0023131	0.060863	0.045198	0.13118
0.041838	0.027607	0.042998	0.086879	0.14343	1	0.1573	0.07844	0.041512	0.1272	0.019715	0.0012437	0.13046	0.086753	0.027585	0.027039	0.085434	0.11491	0.17299	1.8619e-05	0.050728	0.026726	-0.00010642	0.062421	0.051584	0.060821	0.073857	0.063376	0.035264	0.020569	0.027355	-0.011417	0.082398	0.080992	0.091222
0.10921	0.058999	0.063976	0.088009	0.11072	0.1573	1	0.07624	0.10555	0.10299	0.019904	0.11051	0.066271	0.077462	-0.020723	0.06003	0.11245	0.085303	0.036856	0.10852	0.12023	0.12314	0.069742	0.085909	0.11035	0.08442	0.072838	0.11679	0.078605	0.038313	0.028567	0.042669	0.034189	0.13477	0.12793
0.045449	0.067423	0.041107	0.028305	0.2249	0.07844	0.07624	1	0.014302	0.18183	0.0017682	0.025157	0.13262	0.019343	0.059583	0.022167	0.035011	0.030317	0.17511	0.093732	0.11946	-0.038048	0.013797	0.074591	0.026778	0.076124	0.078453	0.025848	0.033482	-0.00015014	-0.0047228	-0.015282	0.045971	0.066779	0.15705
0.19234	0.035536	0.03081	0.11583	0.040944	0.041512	0.10555	0.014302	1	0.11495	0.008087	0.14659	0.042385	0.091602	-0.066802	0.027968	0.21271	0.11423	0.036124	0.067534	0.098094	0.079689	0.061189	0.07746	0.1308	0.012254	0.12255	0.10773	0.094646	0.021388	0.035244	0.028055	0.04769	0.26741	0.024743
0.1459	-0.0084259	0.037008	0.084705	0.27461	0.1272	0.10299	0.18183	0.11495	1	0.031115	0.05928	0.17136	0.075966	0.067682	0.030193	0.075278	0.087879	0.25746	0.069219	0.1024	0.043081	0.018879	0.074525	0.064829	0.07553	0.11898	0.10142	0.075872	0.0025012	0.010673	0.022766	0.051671	0.1536	0.12795
0.056232	0.0091168	0.0062611	0.018613	0.0044725	0.019715	0.019904	0.0017682	0.008087	0.031115	1	0.099445	-0.027904	0.0065732	0.052549	0.023847	0.043746	0.04799	0.0048272	0.10259	0.011323	0.075856	0.066954	-0.0037619	0.062336	0.032746	0.0093369	0.041942	0.060919	-0.012702	0.023291	0.02169	0.019304	-0.0015132	0.025312
0.1209	0.02021	-0.0029968	0.12835	0.018668	0.0012437	0.11051	0.025157	0.14659	0.05928	0.099445	1	0.091205	0.062823	-0.014567	0.33105	0.14873	0.069641	-0.0017896	0.46205	0.23662	0.092817	0.066765	0.10615	0.18364	0.12434	0.1821	0.17235	0.18311	0.077396	0.077541	0.049076	-0.024434	0.11216	0.01371
0.093365	0.019347	0.0076273	0.12135	0.20217	0.13046	0.066271	0.13262	0.042385	0.17136	-0.027904	0.091205	1	0.061046	0.081467	0.18818	0.097835	0.021967	0.14583	0.080869	0.1551	0.078661	0.018547	0.055412	0.070006	0.06583	0.18534	0.22719	0.093149	0.033857	0.056486	0.062082	0.075286	0.11203	0.065269
0.11909	0.013874	0.043417	0.00071448	0.035434	0.086753	0.077462	0.019343	0.091602	0.075966	0.0065732	0.062823	0.061046	1	0.015776	0.054622	0.092625	0.042622	0.065717	0.080892	0.066144	0.05477	0.038726	0.026213	0.075592	0.0037875	0.055386	0.034806	0.055628	0.048067	0.028276	0.059146	0.026577	0.084742	0.022017
0.040076	0.023579	0.035791	-0.038039	0.020836	0.027585	-0.020723	0.059583	-0.066802	0.067682	0.052549	-0.014567	0.081467	0.015776	1	0.026868	-0.0080273	0.0094996	0.039294	0.049947	0.045992	-0.018192	0.029108	0.026558	0.0027698	0.011256	0.064962	0.045977	-0.0037599	0.0066217	0.02992	-0.0091303	-0.0031185	0.017766	0.090684
0.033201	0.0087286	-0.015043	0.06639	0.053405	0.027039	0.06003	0.022167	0.027968	0.030193	0.023847	0.33105	0.18818	0.054622	0.026868	1	0.13358	0.062656	0.012951	0.35925	0.19984	0.05942	0.014178	0.051023	0.1262	0.085423	0.12967	0.17923	0.091169	0.046171	0.088707	0.12263	0.0055483	0.11297	0.002815
0.20227	0.025818	0.00094625	0.045657	0.0083913	0.085434	0.11245	0.035011	0.21271	0.075278	0.043746	0.14873	0.097835	0.092625	-0.0080273	0.13358	1	0.12648	0.095278	0.12204	0.20868	0.015222	0.092408	0.052061	0.17459	-0.024114	0.15005	0.099841	0.16602	0.080158	0.025145	0.035494	-0.010324	0.38193	0.049358
0.09	0.0376	0.046834	0.093738	0.057663	0.11491	0.085303	0.030317	0.11423	0.087879	0.04799	0.069641	0.021967	0.042622	0.0094996	0.062656	0.12648	1	0.039642	0.086318	0.072019	0.06113	0.037838	0.077614	0.09122	0.02079	0.10378	0.082562	0.071324	0.0016221	0.0099018	-0.022788	0.012083	0.16388	0.030163
0.078213	-0.011732	0.0081533	0.0078443	0.13989	0.17299	0.036856	0.17511	0.036124	0.25746	0.0048272	-0.0017896	0.14583	0.065717	0.039294	0.012951	0.095278	0.039642	1	0.027357	0.061749	-0.04059	0.018357	0.055348	0.04715	0.069182	0.12138	0.057671	0.061429	0.045515	0.035208	-0.0090601	0.065809	0.13474	0.10428
0.095137	0.037318	0.038162	0.081256	0.030614	1.8619e-05	0.10852	0.093732	0.067534	0.069219	0.10259	0.46205	0.080869	0.080892	0.049947	0.35925	0.12204	0.086318	0.027357	1	0.26115	0.045399	0.023155	0.090517	0.14196	0.12142	0.12611	0.15738	0.15815	0.071265	0.081482	0.059839	-0.020671	0.1132	0.0096127
0.12847	-0.018825	0.034831	0.059557	0.092591	0.050728	0.12023	0.11946	0.098094	0.1024	0.011323	0.23662	0.1551	0.066144	0.045992	0.19984	0.20868	0.072019	0.061749	0.26115	1	0.020019	0.044471	0.088299	0.12719	0.05	0.12006	0.1177	0.10175	0.033899	0.05335	0.032506	-0.040242	0.19459	0.11689
0.068527	0.042571	-0.0071737	0.11952	0.07271	0.026726	0.12314	-0.038048	0.079689	0.043081	0.075856	0.092817	0.078661	0.05477	-0.018192	0.05942	0.015222	0.06113	-0.04059	0.045399	0.020019	1	0.053596	0.0082688	0.098227	0.040126	0.022008	0.053678	0.0020695	0.02228	0.031624	0.054028	0.0547	0.048088	0.013755
0.080601	0.067969	0.047057	0.05996	0.067566	-0.00010642	0.069742	0.013797	0.061189	0.018879	0.066954	0.066765	0.018547	0.038726	0.029108	0.014178	0.092408	0.037838	0.018357	0.023155	0.044471	0.053596	1	0.089937	0.13767	0.048553	0.01802	0.067067	-0.02667	0.02052	0.030276	0.038259	0.014549	0.063862	0.025148
0.035251	0.013304	0.062344	0.039601	0.089217	0.062421	0.085909	0.074591	0.07746	0.074525	-0.0037619	0.10615	0.055412	0.026213	0.026558	0.051023	0.052061	0.077614	0.055348	0.090517	0.088299	0.0082688	0.089937	1	0.094365	0.094562	0.059082	0.066922	0.041769	0.0081967	-0.019833	-0.0095526	0.056776	0.082599	0.12971
0.10133	0.049385	0.026332	0.049595	0.096818	0.051584	0.11035	0.026778	0.1308	0.064829	0.062336	0.18364	0.070006	0.075592	0.0027698	0.1262	0.17459	0.09122	0.04715	0.14196	0.12719	0.098227	0.13767	0.094365	1	0.028032	0.10058	0.17797	0.10199	0.024046	0.077655	0.042375	-0.0054233	0.15566	0.013466
0.037373	0.067776	0.023891	0.017455	0.098295	0.060821	0.08442	0.076124	0.012254	0.07553	0.032746	0.12434	0.06583	0.0037875	0.011256	0.085423	-0.024114	0.02079	0.069182	0.12142	0.05	0.040126	0.048553	0.094562	0.028032	1	0.053886	0.034679	0.056786	0.0222	0.038542	0.032842	0.063336	-0.043054	0.073125
0.10133	0.013316	-0.0028951	0.045178	0.091319	0.073857	0.072838	0.078453	0.12255	0.11898	0.0093369	0.1821	0.18534	0.055386	0.064962	0.12967	0.15005	0.10378	0.12138	0.12611	0.12006	0.022008	0.01802	0.059082	0.10058	0.053886	1	0.14706	0.12536	0.066178	0.034822	0.035285	0.030195	0.17411	0.065304
0.13681	-0.0097304	0.020221	0.052729	0.11248	0.063376	0.11679	0.025848	0.10773	0.10142	0.041942	0.17235	0.22719	0.034806	0.045977	0.17923	0.099841	0.082562	0.057671	0.15738	0.1177	0.053678	0.067067	0.066922	0.17797	0.034679	0.14706	1	0.10193	0.038667	0.086583	0.077977	0.038712	0.11274	0.042231
0.070987	-0.007481	0.0080062	0.033984	-0.046128	0.035264	0.078605	0.033482	0.094646	0.075872	0.060919	0.18311	0.093149	0.055628	-0.0037599	0.091169	0.16602	0.071324	0.061429	0.15815	0.10175	0.0020695	-0.02667	0.041769	0.10199	0.056786	0.12536	0.10193	1	0.045342	0.029065	0.044512	0.0095477	0.15999	0.047001
-0.0091974	0.0063911	0.010427	-0.0037768	0.034164	0.020569	0.038313	-0.00015014	0.021388	0.0025012	-0.012702	0.077396	0.033857	0.048067	0.0066217	0.046171	0.080158	0.0016221	0.045515	0.071265	0.033899	0.02228	0.02052	0.0081967	0.024046	0.0222	0.066178	0.038667	0.045342	1	0.013547	-0.0048921	0.080854	0.0042253	0.025346
0.070255	0.0092116	-0.0094157	0.0015582	-0.0027695	0.027355	0.028567	-0.0047228	0.035244	0.010673	0.023291	0.077541	0.056486	0.028276	0.02992	0.088707	0.025145	0.0099018	0.035208	0.081482	0.05335	0.031624	0.030276	-0.019833	0.077655	0.038542	0.034822	0.086583	0.029065	0.013547	1	0.10638	-0.0082498	0.07894	0.011688
0.057961	-0.027029	-0.036481	0.025193	-0.0023131	-0.011417	0.042669	-0.015282	0.028055	0.022766	0.02169	0.049076	0.062082	0.059146	-0.0091303	0.12263	0.035494	-0.022788	-0.0090601	0.059839	0.032506	0.054028	0.038259	-0.0095526	0.042375	0.032842	0.035285	0.077977	0.044512	-0.0048921	0.10638	1	-0.0026888	0.048857	-0.0038403
0.0066867	0.0089031	0.00015193	0.028794	0.060863	0.082398	0.034189	0.045971	0.04769	0.051671	0.019304	-0.024434	0.075286	0.026577	-0.0031185	0.0055483	-0.010324	0.012083	0.065809	-0.020671	-0.040242	0.0547	0.014549	0.056776	-0.0054233	0.063336	0.030195	0.038712	0.0095477	0.080854	-0.0082498	-0.0026888	1	-0.011486	0.063917
0.24789	0.026044	0.028716	0.082396	0.045198	0.080992	0.13477	0.066779	0.26741	0.1536	-0.0015132	0.11216	0.11203	0.084742	0.017766	0.11297	0.38193	0.16388	0.13474	0.1132	0.19459	0.048088	0.063862	0.082599	0.15566	-0.043054	0.17411	0.11274	0.15999	0.0042253	0.07894	0.048857	-0.011486	1	0.073731
0.077278	0.060752	0.067874	0.012875	0.13118	0.091222	0.12793	0.15705	0.024743	0.12795	0.025312	0.01371	0.065269	0.022017	0.090684	0.002815	0.049358	0.030163	0.10428	0.0096127	0.11689	0.013755	0.025148	0.12971	0.013466	0.073125	0.065304	0.042231	0.047001	0.025346	0.011688	-0.0038403	0.063917	0.073731	1
