1	0.085682	0.077021	0.26186	0.17811	0.090222	0.17456	0.04835	0.26375	0.19192	0.1098	0.17054	0.12767	0.12962	0.068317	0.11145	0.2324	0.089188	0.094852	0.085666	0.090574	0.1575	0.14906	0.08003	0.22664	0.20429	0.086857	0.20101	0.13956	0.077057	0.074352	0.050943	0.057585	0.24171	0.079517
0.085682	1	0.1626	-0.015831	0.0059624	0.016759	0.083826	-0.022701	-0.015879	-0.034151	0.030833	0.076292	0.029256	0.02629	0.072446	0.053408	0.087268	0.025378	-0.032401	0.065969	0.034557	0.067832	0.13946	0.10296	0.053635	0.065423	0.037114	0.030176	0.038755	0.06628	0.04888	0.032488	0.023027	0.084301	0.0050663
0.077021	0.1626	1	0.028063	0.05274	0.09096	0.057716	0.073539	0.019364	0.021416	0.054214	0.042824	0.07655	0.01739	0.075349	0.068684	0.091248	0.074976	0.058539	0.041649	0.021141	0.028538	0.1662	0.14009	0.12018	0.093272	0.0075917	0.03503	0.047278	0.042776	0.026804	0.0058302	-0.0063861	0.057426	0.095468
0.26186	-0.015831	0.028063	1	0.17732	0.14342	0.12952	0.077653	0.16989	0.18425	0.042949	0.10552	0.13864	0.029106	-0.019219	0.040534	0.093295	0.092584	0.1249	0.069252	0.048824	0.13847	0.04486	0.10806	0.16997	0.14126	0.070503	0.12864	0.060056	0.091217	-0.025713	0.010571	0.069478	0.098529	0.062136
0.17811	0.0059624	0.05274	0.17732	1	0.10516	0.087569	0.19421	0.10769	0.34747	0.014915	0.055318	0.16372	0.01937	0.053884	0.035541	0.052827	0.086069	0.20318	0.022244	0.024632	0.098621	0.015617	0.052652	0.11116	0.10974	0.13683	0.23249	-0.0054169	0.078197	-0.018717	-0.0035772	0.10291	0.014683	0.086993
0.090222	0.016759	0.09096	0.14342	0.10516	1	0.23876	0.071142	0.068876	0.13692	0.031831	0.045556	0.16339	0.060492	0.00094074	0.029509	0.076672	0.084439	0.10693	0.01231	0.00081163	0.051797	0.052868	0.061321	0.11832	0.10932	0.04729	0.11591	0.031737	0.07512	0.012864	-0.0060306	0.057178	0.077859	0.092019
0.17456	0.083826	0.057716	0.12952	0.087569	0.23876	1	0.057258	0.10798	0.061649	0.093299	0.1423	0.051793	0.11861	-0.0092941	0.045891	0.20383	0.03455	0.04105	0.1287	0.1028	0.10469	0.18281	0.15269	0.16925	0.13656	0.050556	0.067901	0.10443	0.09547	0.046545	0.023192	0.043624	0.19565	0.054817
0.04835	-0.022701	0.073539	0.077653	0.19421	0.071142	0.057258	1	0.019368	0.20974	0.011484	0.033698	0.042874	0.044246	-0.0001115	0.074951	0.082296	0.074246	0.22505	0.021566	0.06936	-0.048761	0.014932	0.10137	0.10015	0.049522	0.040862	-0.0033759	0.060391	0.078068	0.022571	-0.01948	0.041517	0.14664	0.16468
0.26375	-0.015879	0.019364	0.16989	0.10769	0.068876	0.10798	0.019368	1	0.23467	0.071733	0.097167	0.047015	0.10389	0.038571	-0.010768	0.19164	0.19738	0.10185	-0.0035137	0.00068738	0.17092	0.12322	0.035976	0.20974	0.15799	0.090644	0.1213	0.079471	0.087224	0.07385	0.061924	0.074632	0.18607	0.10106
0.19192	-0.034151	0.021416	0.18425	0.34747	0.13692	0.061649	0.20974	0.23467	1	0.044693	0.039696	0.16538	0.097206	0.070639	0.015695	0.053091	0.10718	0.34523	0.0089488	0.0091156	0.13233	0.019438	0.03718	0.16832	0.20415	0.048926	0.17006	0.09992	0.084759	0.048736	0.018175	0.093936	0.071955	0.1515
0.1098	0.030833	0.054214	0.042949	0.014915	0.031831	0.093299	0.011484	0.071733	0.044693	1	0.14122	0.036955	0.070349	0.11199	0.085484	0.085432	0.03208	0.050774	0.11013	0.10476	0.048125	0.069568	0.028421	0.070076	0.12272	0.025152	0.077033	0.050203	0.02655	0.039403	0.0336	0.019682	0.060524	0.11309
0.17054	0.076292	0.042824	0.10552	0.055318	0.045556	0.1423	0.033698	0.097167	0.039696	0.14122	1	0.13545	0.099427	0.022882	0.30977	0.23987	0.013161	0.0032371	0.46852	0.49347	0.11928	0.10466	0.064593	0.16241	0.12168	0.14122	0.22524	0.16821	0.075853	0.096514	-0.017543	0.029343	0.21071	0.11512
0.12767	0.029256	0.07655	0.13864	0.16372	0.16339	0.051793	0.042874	0.047015	0.16538	0.036955	0.13545	1	0.10199	0.037392	0.13237	0.085343	0.020896	0.13898	0.1049	0.045471	0.071745	0.015749	0.092485	0.135	0.10324	0.1308	0.32724	0.081497	0.035545	0.09959	0.060346	0.050406	0.11589	0.050837
0.12962	0.02629	0.01739	0.029106	0.01937	0.060492	0.11861	0.044246	0.10389	0.097206	0.070349	0.099427	0.10199	1	0.033437	0.097336	0.1174	0.065284	0.047718	0.065926	0.07834	0.067278	0.099869	0.093728	0.097116	0.079289	0.10895	0.094939	0.087762	0.074937	0.095056	0.074293	0.028949	0.11877	0.05805
0.068317	0.072446	0.075349	-0.019219	0.053884	0.00094074	-0.0092941	-0.0001115	0.038571	0.070639	0.11199	0.022882	0.037392	0.033437	1	0.051109	0.019294	0.021484	-0.00060872	-0.016814	0.011785	0.0018766	0.034534	0.032368	0.054447	0.063145	0.037455	0.034954	-0.0016153	-0.023816	0.014629	-0.043574	-0.00013458	0.031672	0.039675
0.11145	0.053408	0.068684	0.040534	0.035541	0.029509	0.045891	0.074951	-0.010768	0.015695	0.085484	0.30977	0.13237	0.097336	0.051109	1	0.22571	-0.018334	0.074679	0.31802	0.31592	0.024042	0.02809	0.09772	0.1095	0.077156	0.068738	0.12583	0.10321	0.086926	0.091067	0.050448	0.0052184	0.21147	0.030613
0.2324	0.087268	0.091248	0.093295	0.052827	0.076672	0.20383	0.082296	0.19164	0.053091	0.085432	0.23987	0.085343	0.1174	0.019294	0.22571	1	0.12753	0.099002	0.18136	0.23083	0.034868	0.14334	0.049749	0.20273	0.090951	0.10714	0.096444	0.17045	0.046817	0.083678	0.018806	0.0096428	0.44331	0.069448
0.089188	0.025378	0.074976	0.092584	0.086069	0.084439	0.03455	0.074246	0.19738	0.10718	0.03208	0.013161	0.020896	0.065284	0.021484	-0.018334	0.12753	1	0.11099	-0.04127	-0.052122	0.078817	0.01449	0.030863	0.093292	0.07515	0.13005	0.0088093	0.10428	0.015064	0.005781	0.0040079	0.043905	0.17855	0.075727
0.094852	-0.032401	0.058539	0.1249	0.20318	0.10693	0.04105	0.22505	0.10185	0.34523	0.050774	0.0032371	0.13898	0.047718	-0.00060872	0.074679	0.099002	0.11099	1	0.0031724	0.068098	0.059701	0.025649	0.082649	0.15948	0.10575	0.095083	0.11572	0.025817	0.11008	0.029124	0.020113	0.096201	0.13878	0.13802
0.085666	0.065969	0.041649	0.069252	0.022244	0.01231	0.1287	0.021566	-0.0035137	0.0089488	0.11013	0.46852	0.1049	0.065926	-0.016814	0.31802	0.18136	-0.04127	0.0031724	1	0.56575	0.095573	0.07178	0.057627	0.080762	0.15055	0.10636	0.16851	0.13382	-0.0053311	0.034985	-0.03389	0.035414	0.070997	0.1201
0.090574	0.034557	0.021141	0.048824	0.024632	0.00081163	0.1028	0.06936	0.00068738	0.0091156	0.10476	0.49347	0.045471	0.07834	0.011785	0.31592	0.23083	-0.052122	0.068098	0.56575	1	0.07025	0.051644	0.03056	0.061518	0.090347	0.089564	0.11788	0.083492	0.056852	0.020742	-0.042708	0.02797	0.10824	0.14982
0.1575	0.067832	0.028538	0.13847	0.098621	0.051797	0.10469	-0.048761	0.17092	0.13233	0.048125	0.11928	0.071745	0.067278	0.0018766	0.024042	0.034868	0.078817	0.059701	0.095573	0.07025	1	0.078937	0.086614	0.13217	0.12763	0.059381	0.070873	0.050567	0.074522	0.0061426	0.010191	0.11594	0.072165	0.032138
0.14906	0.13946	0.1662	0.04486	0.015617	0.052868	0.18281	0.014932	0.12322	0.019438	0.069568	0.10466	0.015749	0.099869	0.034534	0.02809	0.14334	0.01449	0.025649	0.07178	0.051644	0.078937	1	0.1883	0.16939	0.095589	0.026115	0.052551	0.027801	0.062337	0.021203	0.025511	0.035915	0.11033	0.062531
0.08003	0.10296	0.14009	0.10806	0.052652	0.061321	0.15269	0.10137	0.035976	0.03718	0.028421	0.064593	0.092485	0.093728	0.032368	0.09772	0.049749	0.030863	0.082649	0.057627	0.03056	0.086614	0.1883	1	0.15984	0.14368	0.040582	0.0096571	0.027549	0.10766	0.032021	0.036308	0.049867	0.068761	0.16641
0.22664	0.053635	0.12018	0.16997	0.11116	0.11832	0.16925	0.10015	0.20974	0.16832	0.070076	0.16241	0.135	0.097116	0.054447	0.1095	0.20273	0.093292	0.15948	0.080762	0.061518	0.13217	0.16939	0.15984	1	0.16946	0.067353	0.13824	0.096209	0.093826	0.069433	0.058144	0.05152	0.1547	0.14674
0.20429	0.065423	0.093272	0.14126	0.10974	0.10932	0.13656	0.049522	0.15799	0.20415	0.12272	0.12168	0.10324	0.079289	0.063145	0.077156	0.090951	0.07515	0.10575	0.15055	0.090347	0.12763	0.095589	0.14368	0.16946	1	0.11645	0.1036	0.058057	0.045744	0.040208	0.01266	0.083964	0.054902	0.13751
0.086857	0.037114	0.0075917	0.070503	0.13683	0.04729	0.050556	0.040862	0.090644	0.048926	0.025152	0.14122	0.1308	0.10895	0.037455	0.068738	0.10714	0.13005	0.095083	0.10636	0.089564	0.059381	0.026115	0.040582	0.067353	0.11645	1	0.20246	0.13037	0.047634	0.0036896	0.01777	0.05545	0.098933	0.029331
0.20101	0.030176	0.03503	0.12864	0.23249	0.11591	0.067901	-0.0033759	0.1213	0.17006	0.077033	0.22524	0.32724	0.094939	0.034954	0.12583	0.096444	0.0088093	0.11572	0.16851	0.11788	0.070873	0.052551	0.0096571	0.13824	0.1036	0.20246	1	0.15398	0.069233	0.059405	0.038872	0.022777	0.070936	0.025777
0.13956	0.038755	0.047278	0.060056	-0.0054169	0.031737	0.10443	0.060391	0.079471	0.09992	0.050203	0.16821	0.081497	0.087762	-0.0016153	0.10321	0.17045	0.10428	0.025817	0.13382	0.083492	0.050567	0.027801	0.027549	0.096209	0.058057	0.13037	0.15398	1	0.03771	0.055587	-0.011493	0.057665	0.21827	0.077871
0.077057	0.06628	0.042776	0.091217	0.078197	0.07512	0.09547	0.078068	0.087224	0.084759	0.02655	0.075853	0.035545	0.074937	-0.023816	0.086926	0.046817	0.015064	0.11008	-0.0053311	0.056852	0.074522	0.062337	0.10766	0.093826	0.045744	0.047634	0.069233	0.03771	1	0.048847	0.047385	0.083211	0.058176	0.058574
0.074352	0.04888	0.026804	-0.025713	-0.018717	0.012864	0.046545	0.022571	0.07385	0.048736	0.039403	0.096514	0.09959	0.095056	0.014629	0.091067	0.083678	0.005781	0.029124	0.034985	0.020742	0.0061426	0.021203	0.032021	0.069433	0.040208	0.0036896	0.059405	0.055587	0.048847	1	0.10289	-0.027356	0.14379	0.02476
0.050943	0.032488	0.0058302	0.010571	-0.0035772	-0.0060306	0.023192	-0.01948	0.061924	0.018175	0.0336	-0.017543	0.060346	0.074293	-0.043574	0.050448	0.018806	0.0040079	0.020113	-0.03389	-0.042708	0.010191	0.025511	0.036308	0.058144	0.01266	0.01777	0.038872	-0.011493	0.047385	0.10289	1	0.050036	0.029133	0.012309
0.057585	0.023027	-0.0063861	0.069478	0.10291	0.057178	0.043624	0.041517	0.074632	0.093936	0.019682	0.029343	0.050406	0.028949	-0.00013458	0.0052184	0.0096428	0.043905	0.096201	0.035414	0.02797	0.11594	0.035915	0.049867	0.05152	0.083964	0.05545	0.022777	0.057665	0.083211	-0.027356	0.050036	1	0.023414	0.062405
0.24171	0.084301	0.057426	0.098529	0.014683	0.077859	0.19565	0.14664	0.18607	0.071955	0.060524	0.21071	0.11589	0.11877	0.031672	0.21147	0.44331	0.17855	0.13878	0.070997	0.10824	0.072165	0.11033	0.068761	0.1547	0.054902	0.098933	0.070936	0.21827	0.058176	0.14379	0.029133	0.023414	1	0.053102
0.079517	0.0050663	0.095468	0.062136	0.086993	0.092019	0.054817	0.16468	0.10106	0.1515	0.11309	0.11512	0.050837	0.05805	0.039675	0.030613	0.069448	0.075727	0.13802	0.1201	0.14982	0.032138	0.062531	0.16641	0.14674	0.13751	0.029331	0.025777	0.077871	0.058574	0.02476	0.012309	0.062405	0.053102	1
