1	0.047701	0.03817	0.13626	0.15373	0.08912	0.16162	0.066462	0.30219	0.22265	0.047553	0.1696	0.099538	0.099993	0.0327	0.10895	0.28789	0.11955	0.12883	0.15748	0.17215	0.1327	0.11616	0.081703	0.20731	0.16962	0.12036	0.17966	0.13931	0.020864	0.019966	0.0137	0.083537	0.33821	0.14814
0.047701	1	0.072005	0.018199	0.023842	0.0021296	0.049552	0.045634	0.024459	0.046507	0.017866	0.067994	-0.014528	0.018669	0.0075244	0.031405	0.0053869	0.049715	-0.00060461	0.062415	0.043202	0.041496	0.082032	0.099229	0.091691	0.078091	0.039975	0.024916	0.025508	0.0038334	5.7091e-05	-0.044402	0.015587	-0.00040999	0.04093
0.03817	0.072005	1	0.060798	0.085782	0.063418	0.072189	0.037974	0.056408	0.023732	0.04622	0.038507	0.02161	0.060758	0.054413	0.031204	0.03726	0.04317	0.045073	0.051677	0.033623	0.073025	0.086209	0.087806	0.079964	0.092058	0.05252	0.030806	0.0022805	0.046399	-0.028647	-0.037441	0.039733	0.013525	0.10808
0.13626	0.018199	0.060798	1	0.16245	0.095596	0.17673	0.088908	0.11075	0.095563	0.068915	0.17083	0.047439	0.012877	-0.010896	0.062042	0.086227	0.11647	0.082989	0.09416	0.11415	0.13492	0.064922	0.065695	0.11875	0.079323	0.021422	0.10834	0.096921	0.068071	-0.023224	-0.032341	0.026145	0.14182	0.05705
0.15373	0.023842	0.085782	0.16245	1	0.17244	0.17847	0.20669	0.14542	0.30888	0.043787	0.13721	0.14091	0.069266	0.071861	0.045484	0.14129	0.086822	0.2069	0.046805	0.16268	0.060758	0.049795	0.10381	0.15412	0.13407	0.075767	0.13624	0.067525	0.047868	0.010497	-0.050104	0.065906	0.14203	0.18037
0.08912	0.0021296	0.063418	0.095596	0.17244	1	0.21003	0.070769	0.089161	0.14087	0.025951	0.041554	0.10065	0.051042	0.045726	0.035895	0.11271	0.081694	0.14141	0.054689	0.12324	0.074	0.025136	0.04018	0.06951	0.076417	0.056234	0.096944	0.024535	0.0023021	0.025844	-0.0086955	0.080768	0.10227	0.12807
0.16162	0.049552	0.072189	0.17673	0.17847	0.21003	1	0.11487	0.21463	0.14188	0.090287	0.21972	0.070253	0.073561	0.015332	0.052063	0.19184	0.12006	0.10501	0.12874	0.1294	0.1037	0.16224	0.053796	0.21464	0.1201	0.072338	0.15352	0.10266	0.033902	-0.016252	-0.061036	0.066241	0.16711	0.11786
0.066462	0.045634	0.037974	0.088908	0.20669	0.070769	0.11487	1	0.058276	0.20657	0.0421	0.077898	0.10531	0.087892	0.077113	0.041928	0.080254	0.0077193	0.21217	0.045519	0.12814	0.0073338	0.075476	0.12377	0.07788	0.064662	0.034493	0.017151	0.032169	0.014934	0.040938	-0.081363	0.04554	0.11797	0.2108
0.30219	0.024459	0.056408	0.11075	0.14542	0.089161	0.21463	0.058276	1	0.2087	0.058094	0.23739	0.11011	0.095884	-0.012318	0.11938	0.29964	0.19335	0.11508	0.12826	0.13591	0.1229	0.082185	0.099205	0.25088	0.10558	0.17406	0.23898	0.13071	0.038597	0.028526	0.030902	0.039394	0.35324	0.13572
0.22265	0.046507	0.023732	0.095563	0.30888	0.14087	0.14188	0.20657	0.2087	1	0.021707	0.092771	0.18401	0.1079	0.086755	0.1141	0.18798	0.082243	0.3024	0.12719	0.19525	0.055434	0.053312	0.10772	0.15342	0.17714	0.10418	0.15552	0.11581	0.051499	-0.0072555	-0.017469	0.053946	0.24706	0.18786
0.047553	0.017866	0.04622	0.068915	0.043787	0.025951	0.090287	0.0421	0.058094	0.021707	1	0.12553	0.012847	0.028364	0.031981	0.074384	0.044643	0.01472	0.027916	0.12957	0.046072	0.040366	0.08604	0.0666	0.07599	0.02852	0.038926	0.033988	0.051009	0.044344	0.0038527	0.014114	-0.016391	0.075662	0.028412
0.1696	0.067994	0.038507	0.17083	0.13721	0.041554	0.21972	0.077898	0.23739	0.092771	0.12553	1	0.19948	0.078262	0.046045	0.24237	0.17627	0.13737	0.050672	0.26038	0.25547	0.12593	0.12205	0.10131	0.28808	0.12152	0.17282	0.29925	0.12819	0.046856	0.07005	-0.014111	0.051445	0.1876	0.10533
0.099538	-0.014528	0.02161	0.047439	0.14091	0.10065	0.070253	0.10531	0.11011	0.18401	0.012847	0.19948	1	0.059664	0.022263	0.14008	0.15955	0.034013	0.13922	0.11104	0.14369	0.026357	0.05859	0.078798	0.12738	0.051354	0.10503	0.29703	0.1033	0.0013873	0.048002	0.052123	0.033973	0.15752	0.11695
0.099993	0.018669	0.060758	0.012877	0.069266	0.051042	0.073561	0.087892	0.095884	0.1079	0.028364	0.078262	0.059664	1	0.10578	0.082845	0.069401	0.0080784	0.090862	0.064484	0.071064	0.0077965	0.073175	0.098755	0.078566	0.10321	0.056084	0.050804	0.026087	0.034521	0.019388	0.022785	0.051928	0.10792	0.045612
0.0327	0.0075244	0.054413	-0.010896	0.071861	0.045726	0.015332	0.077113	-0.012318	0.086755	0.031981	0.046045	0.022263	0.10578	1	0.05994	0.0060913	0.058511	0.095865	0.051394	0.059195	-0.025487	0.05832	0.034924	0.054204	0.025414	0.055385	0.087372	-0.028578	0.028447	0.0011356	0.026086	-0.0020443	0.03604	0.061604
0.10895	0.031405	0.031204	0.062042	0.045484	0.035895	0.052063	0.041928	0.11938	0.1141	0.074384	0.24237	0.14008	0.082845	0.05994	1	0.17457	0.022554	0.09519	0.23754	0.22116	0.070685	0.051062	0.075169	0.1196	0.084979	0.091752	0.18543	0.12	0.054989	0.06891	0.072361	0.035385	0.13438	0.056812
0.28789	0.0053869	0.03726	0.086227	0.14129	0.11271	0.19184	0.080254	0.29964	0.18798	0.044643	0.17627	0.15955	0.069401	0.0060913	0.17457	1	0.13094	0.12199	0.14023	0.19486	0.10292	0.078841	0.068185	0.18953	0.081375	0.12963	0.21763	0.17848	0.011227	0.011489	0.021199	0.026348	0.37909	0.089504
0.11955	0.049715	0.04317	0.11647	0.086822	0.081694	0.12006	0.0077193	0.19335	0.082243	0.01472	0.13737	0.034013	0.0080784	0.058511	0.022554	0.13094	1	0.050443	0.052224	0.097369	0.068708	0.060695	0.0707	0.079184	0.082893	0.10574	0.12419	0.054691	-0.049839	-0.021964	-0.039606	0.033264	0.16038	0.035156
0.12883	-0.00060461	0.045073	0.082989	0.2069	0.14141	0.10501	0.21217	0.11508	0.3024	0.027916	0.050672	0.13922	0.090862	0.095865	0.09519	0.12199	0.050443	1	0.1055	0.16766	0.059621	0.035851	0.052858	0.099632	0.10145	0.10861	0.12246	0.032213	0.082098	0.023548	0.016209	0.05753	0.17203	0.14273
0.15748	0.062415	0.051677	0.09416	0.046805	0.054689	0.12874	0.045519	0.12826	0.12719	0.12957	0.26038	0.11104	0.064484	0.051394	0.23754	0.14023	0.052224	0.1055	1	0.21117	0.044274	0.06891	0.067317	0.17864	0.1031	0.10984	0.18497	0.14786	0.036108	0.039254	0.070164	0.034821	0.17173	0.075802
0.17215	0.043202	0.033623	0.11415	0.16268	0.12324	0.1294	0.12814	0.13591	0.19525	0.046072	0.25547	0.14369	0.071064	0.059195	0.22116	0.19486	0.097369	0.16766	0.21117	1	0.06787	0.06409	0.11536	0.1101	0.13118	0.13679	0.1849	0.098937	0.057857	0.018269	-0.015546	0.054146	0.17853	0.15761
0.1327	0.041496	0.073025	0.13492	0.060758	0.074	0.1037	0.0073338	0.1229	0.055434	0.040366	0.12593	0.026357	0.0077965	-0.025487	0.070685	0.10292	0.068708	0.059621	0.044274	0.06787	1	0.14617	0.021256	0.093876	0.057242	0.0079176	0.097752	0.076551	0.074839	0.025499	-0.010853	0.10493	0.12032	0.029754
0.11616	0.082032	0.086209	0.064922	0.049795	0.025136	0.16224	0.075476	0.082185	0.053312	0.08604	0.12205	0.05859	0.073175	0.05832	0.051062	0.078841	0.060695	0.035851	0.06891	0.06409	0.14617	1	0.11657	0.14858	0.089434	0.034219	0.050297	0.034145	0.055511	0.019555	0.0168	0.055778	0.11844	0.06143
0.081703	0.099229	0.087806	0.065695	0.10381	0.04018	0.053796	0.12377	0.099205	0.10772	0.0666	0.10131	0.078798	0.098755	0.034924	0.075169	0.068185	0.0707	0.052858	0.067317	0.11536	0.021256	0.11657	1	0.14285	0.12019	0.039886	0.036021	0.066716	0.014549	0.045554	-0.0023827	0.035956	0.11226	0.077052
0.20731	0.091691	0.079964	0.11875	0.15412	0.06951	0.21464	0.07788	0.25088	0.15342	0.07599	0.28808	0.12738	0.078566	0.054204	0.1196	0.18953	0.079184	0.099632	0.17864	0.1101	0.093876	0.14858	0.14285	1	0.13227	0.12123	0.22543	0.089686	0.061405	0.069163	0.057976	0.062967	0.23558	0.086485
0.16962	0.078091	0.092058	0.079323	0.13407	0.076417	0.1201	0.064662	0.10558	0.17714	0.02852	0.12152	0.051354	0.10321	0.025414	0.084979	0.081375	0.082893	0.10145	0.1031	0.13118	0.057242	0.089434	0.12019	0.13227	1	0.066881	0.073467	0.04811	0.047736	-0.0034757	-0.04576	0.095672	0.069718	0.11041
0.12036	0.039975	0.05252	0.021422	0.075767	0.056234	0.072338	0.034493	0.17406	0.10418	0.038926	0.17282	0.10503	0.056084	0.055385	0.091752	0.12963	0.10574	0.10861	0.10984	0.13679	0.0079176	0.034219	0.039886	0.12123	0.066881	1	0.2055	0.09313	0.02928	0.016809	0.03952	0.016149	0.16153	0.075896
0.17966	0.024916	0.030806	0.10834	0.13624	0.096944	0.15352	0.017151	0.23898	0.15552	0.033988	0.29925	0.29703	0.050804	0.087372	0.18543	0.21763	0.12419	0.12246	0.18497	0.1849	0.097752	0.050297	0.036021	0.22543	0.073467	0.2055	1	0.10782	0.019057	0.051467	0.084119	0.068235	0.2567	0.029567
0.13931	0.025508	0.0022805	0.096921	0.067525	0.024535	0.10266	0.032169	0.13071	0.11581	0.051009	0.12819	0.1033	0.026087	-0.028578	0.12	0.17848	0.054691	0.032213	0.14786	0.098937	0.076551	0.034145	0.066716	0.089686	0.04811	0.09313	0.10782	1	0.0084365	-0.0020945	-0.00065263	-0.018654	0.17415	0.05475
0.020864	0.0038334	0.046399	0.068071	0.047868	0.0023021	0.033902	0.014934	0.038597	0.051499	0.044344	0.046856	0.0013873	0.034521	0.028447	0.054989	0.011227	-0.049839	0.082098	0.036108	0.057857	0.074839	0.055511	0.014549	0.061405	0.047736	0.02928	0.019057	0.0084365	1	0.012096	0.03629	0.046816	0.018188	0.026494
0.019966	5.7091e-05	-0.028647	-0.023224	0.010497	0.025844	-0.016252	0.040938	0.028526	-0.0072555	0.0038527	0.07005	0.048002	0.019388	0.0011356	0.06891	0.011489	-0.021964	0.023548	0.039254	0.018269	0.025499	0.019555	0.045554	0.069163	-0.0034757	0.016809	0.051467	-0.0020945	0.012096	1	0.10362	0.0011811	0.044074	0.024488
0.0137	-0.044402	-0.037441	-0.032341	-0.050104	-0.0086955	-0.061036	-0.081363	0.030902	-0.017469	0.014114	-0.014111	0.052123	0.022785	0.026086	0.072361	0.021199	-0.039606	0.016209	0.070164	-0.015546	-0.010853	0.0168	-0.0023827	0.057976	-0.04576	0.03952	0.084119	-0.00065263	0.03629	0.10362	1	0.01434	0.060219	-0.029109
0.083537	0.015587	0.039733	0.026145	0.065906	0.080768	0.066241	0.04554	0.039394	0.053946	-0.016391	0.051445	0.033973	0.051928	-0.0020443	0.035385	0.026348	0.033264	0.05753	0.034821	0.054146	0.10493	0.055778	0.035956	0.062967	0.095672	0.016149	0.068235	-0.018654	0.046816	0.0011811	0.01434	1	0.064123	0.025686
0.33821	-0.00040999	0.013525	0.14182	0.14203	0.10227	0.16711	0.11797	0.35324	0.24706	0.075662	0.1876	0.15752	0.10792	0.03604	0.13438	0.37909	0.16038	0.17203	0.17173	0.17853	0.12032	0.11844	0.11226	0.23558	0.069718	0.16153	0.2567	0.17415	0.018188	0.044074	0.060219	0.064123	1	0.10706
0.14814	0.04093	0.10808	0.05705	0.18037	0.12807	0.11786	0.2108	0.13572	0.18786	0.028412	0.10533	0.11695	0.045612	0.061604	0.056812	0.089504	0.035156	0.14273	0.075802	0.15761	0.029754	0.06143	0.077052	0.086485	0.11041	0.075896	0.029567	0.05475	0.026494	0.024488	-0.029109	0.025686	0.10706	1
