1	0.0035667	0.025192	0.096197	0.079098	0.097328	0.18515	0.073696	0.2867	0.1615	0.020438	0.19469	0.07551	0.10725	0.074276	0.11962	0.21147	0.095794	0.10493	0.14193	0.1056	0.020083	0.10111	0.064258	0.1276	0.11148	0.13091	0.097515	0.1225	0.082158	0.05794	0.0092319	0.0065017	0.25636	0.063579
0.0035667	1	0.066994	0.024367	0.027081	0.015309	0.084297	0.025621	0.011129	0.016656	-0.018493	0.041548	-0.027804	-0.039917	0.051892	0.031666	0.00023578	0.03363	0.011039	0.052162	-0.011205	0.055733	0.086043	0.055399	0.1177	0.054143	-0.0087623	0.015785	0.015493	0.021327	0.039554	0.029695	-0.00037291	0.0086	-0.034131
0.025192	0.066994	1	-0.0060536	0.05353	0.0086562	0.025624	0.012755	0.046213	0.023365	0.020072	0.022179	0.0052893	-0.024908	0.055132	0.005539	0.035067	0.012619	-0.0038757	0.026647	0.044082	0.039892	0.11141	0.06787	0.079024	0.094004	-0.0028947	-0.002286	-0.0055451	0.037664	0.025611	0.013965	0.017007	-0.007551	0.08072
0.096197	0.024367	-0.0060536	1	0.10937	0.085916	0.11216	0.11248	0.10556	0.12936	-0.018875	0.029302	0.096199	0.027214	0.027116	0.047423	0.050158	0.012385	0.094419	0.10385	0.04316	0.064727	0.067815	0.091832	0.069914	0.045419	0.047211	0.091645	0.028686	0.029778	0.011274	0.012506	0.022722	0.090577	0.092802
0.079098	0.027081	0.05353	0.10937	1	0.1148	0.10082	0.13777	0.1877	0.22971	0.018172	0.086262	0.15898	0.044962	0.056425	0.068012	0.074222	0.049562	0.10883	0.065682	0.055805	0.084417	0.061808	0.061216	0.064547	0.09739	0.059341	0.1713	0.064259	0.054517	-0.026191	0.02421	0.044851	0.10684	0.069117
0.097328	0.015309	0.0086562	0.085916	0.1148	1	0.14851	-0.04311	0.14038	0.063013	0.030224	0.079752	0.06093	0.094473	0.057615	0.025917	0.10618	0.11022	0.0055848	0.083408	0.026349	0.050477	0.08704	0.023149	0.082171	0.081733	0.075933	0.11436	0.029066	0.017225	0.01854	-0.003949	0.0020209	0.13065	0.020487
0.18515	0.084297	0.025624	0.11216	0.10082	0.14851	1	0.029786	0.22875	0.07085	0.0064165	0.20789	0.035086	0.063617	0.050591	0.090879	0.17756	0.10496	0.032176	0.20279	0.03712	0.027788	0.15763	0.075828	0.16017	0.087129	0.1195	0.10213	0.061035	0.047549	0.039455	-0.017248	-0.021668	0.15846	0.044416
0.073696	0.025621	0.012755	0.11248	0.13777	-0.04311	0.029786	1	0.066039	0.22446	-0.0034484	0.12265	0.13948	0.069033	0.060082	0.11697	0.16845	-0.042738	0.2243	0.13811	0.11276	0.036499	0.00025139	0.062065	0.069391	0.082678	0.0126	0.059075	0.11526	0.0067299	-0.015112	-0.016669	-0.024684	0.14534	0.15315
0.2867	0.011129	0.046213	0.10556	0.1877	0.14038	0.22875	0.066039	1	0.18866	0.080103	0.26999	0.10832	0.19028	0.066843	0.13877	0.24758	0.13629	0.069925	0.15558	0.093176	0.01954	0.13863	0.079152	0.15832	0.12047	0.17618	0.19624	0.11462	0.058082	0.028699	-0.04545	-0.0076478	0.25301	0.11235
0.1615	0.016656	0.023365	0.12936	0.22971	0.063013	0.07085	0.22446	0.18866	1	-0.0029277	0.063502	0.14037	0.054606	0.078102	0.070938	0.099638	0.10604	0.21451	0.0426	0.16258	0.1251	0.061008	0.12225	0.013028	0.17571	0.085371	0.092064	0.079213	0.055012	-0.024871	-0.0009002	0.078485	0.15197	0.13841
0.020438	-0.018493	0.020072	-0.018875	0.018172	0.030224	0.0064165	-0.0034484	0.080103	-0.0029277	1	0.046888	0.052345	0.063911	0.03741	0.029879	0.048493	0.038436	0.017286	0.034321	0.030224	-0.050073	0.019475	0.024772	0.029763	0.043693	0.016791	0.080634	0.00029639	0.039689	-0.036642	0.023216	0.026888	-0.0034175	0.063755
0.19469	0.041548	0.022179	0.029302	0.086262	0.079752	0.20789	0.12265	0.26999	0.063502	0.046888	1	0.11804	0.11277	0.06994	0.30091	0.26677	0.11426	0.071923	0.32345	0.21138	-0.0077941	0.057437	0.044196	0.20006	0.084527	0.16942	0.1704	0.1673	0.065081	0.071321	0.029348	0.00053534	0.23962	0.18272
0.07551	-0.027804	0.0052893	0.096199	0.15898	0.06093	0.035086	0.13948	0.10832	0.14037	0.052345	0.11804	1	0.14714	0.079249	0.13883	0.071508	0.076736	0.07646	0.13323	0.13614	0.031845	0.032397	0.045374	0.084804	0.062717	0.048421	0.20439	0.045263	0.049273	0.065303	0.062205	-0.015713	0.051078	0.11609
0.10725	-0.039917	-0.024908	0.027214	0.044962	0.094473	0.063617	0.069033	0.19028	0.054606	0.063911	0.11277	0.14714	1	0.03887	0.083101	0.12456	0.028856	0.017237	0.095149	0.075325	-0.026279	0.011264	0.0021308	0.088217	0.091449	0.12245	0.12567	0.066168	0.068003	0.05484	-0.020663	6.7256e-05	0.11912	0.062748
0.074276	0.051892	0.055132	0.027116	0.056425	0.057615	0.050591	0.060082	0.066843	0.078102	0.03741	0.06994	0.079249	0.03887	1	0.12867	0.04111	0.012325	0.10038	0.14056	0.041217	0.042956	0.047749	0.015677	0.050226	0.087423	0.058568	0.031353	0.026553	0.0078369	0.10606	0.053583	-0.034635	0.037489	0.0073149
0.11962	0.031666	0.005539	0.047423	0.068012	0.025917	0.090879	0.11697	0.13877	0.070938	0.029879	0.30091	0.13883	0.083101	0.12867	1	0.21351	0.055601	0.1352	0.40352	0.055161	0.026516	0.037196	0.046204	0.11152	0.053092	0.10819	0.10586	0.13026	0.034378	0.080591	0.070273	-0.033392	0.18981	0.074143
0.21147	0.00023578	0.035067	0.050158	0.074222	0.10618	0.17756	0.16845	0.24758	0.099638	0.048493	0.26677	0.071508	0.12456	0.04111	0.21351	1	0.1067	0.12776	0.2	0.14368	-0.0056064	0.051605	0.057811	0.12557	0.051215	0.15501	0.15954	0.13575	0.05744	0.059968	-0.00027212	-0.044264	0.31518	0.14633
0.095794	0.03363	0.012619	0.012385	0.049562	0.11022	0.10496	-0.042738	0.13629	0.10604	0.038436	0.11426	0.076736	0.028856	0.012325	0.055601	0.1067	1	0.040862	0.063724	0.073104	-0.00019809	0.023473	0.036558	0.077347	0.0044507	0.11092	0.082552	0.037759	0.062435	0.0090345	-0.039533	-0.047627	0.15335	0.051097
0.10493	0.011039	-0.0038757	0.094419	0.10883	0.0055848	0.032176	0.2243	0.069925	0.21451	0.017286	0.071923	0.07646	0.017237	0.10038	0.1352	0.12776	0.040862	1	0.09672	0.072956	0.10673	0.03908	0.0553	0.04999	0.034323	0.040713	0.072604	0.073562	0.054439	-0.025018	0.016547	-0.003784	0.15687	0.078536
0.14193	0.052162	0.026647	0.10385	0.065682	0.083408	0.20279	0.13811	0.15558	0.0426	0.034321	0.32345	0.13323	0.095149	0.14056	0.40352	0.2	0.063724	0.09672	1	0.13191	0.027178	0.05041	0.04031	0.13801	0.057407	0.11858	0.15927	0.1621	0.07013	0.082548	0.0673	-0.032408	0.18774	0.10353
0.1056	-0.011205	0.044082	0.04316	0.055805	0.026349	0.03712	0.11276	0.093176	0.16258	0.030224	0.21138	0.13614	0.075325	0.041217	0.055161	0.14368	0.073104	0.072956	0.13191	1	0.00062463	0.0619	0.09159	0.076292	0.12435	0.089757	0.12171	0.1397	0.07611	0.0038634	0.018092	-0.02345	0.15679	0.2161
0.020083	0.055733	0.039892	0.064727	0.084417	0.050477	0.027788	0.036499	0.01954	0.1251	-0.050073	-0.0077941	0.031845	-0.026279	0.042956	0.026516	-0.0056064	-0.00019809	0.10673	0.027178	0.00062463	1	-0.0036469	0.037641	0.062983	0.034738	0.023582	0.0020957	-0.020148	-0.010117	0.0071104	-0.010418	0.025923	0.056978	-0.036703
0.10111	0.086043	0.11141	0.067815	0.061808	0.08704	0.15763	0.00025139	0.13863	0.061008	0.019475	0.057437	0.032397	0.011264	0.047749	0.037196	0.051605	0.023473	0.03908	0.05041	0.0619	-0.0036469	1	0.10874	0.069979	0.079736	0.046159	0.049299	0.0035843	0.028034	0.0030223	-2.5008e-05	0.041721	0.068103	0.022269
0.064258	0.055399	0.06787	0.091832	0.061216	0.023149	0.075828	0.062065	0.079152	0.12225	0.024772	0.044196	0.045374	0.0021308	0.015677	0.046204	0.057811	0.036558	0.0553	0.04031	0.09159	0.037641	0.10874	1	0.063429	0.1007	0.035157	0.017057	0.056659	0.0045345	-0.0068902	-0.040112	0.032934	0.073391	0.081209
0.1276	0.1177	0.079024	0.069914	0.064547	0.082171	0.16017	0.069391	0.15832	0.013028	0.029763	0.20006	0.084804	0.088217	0.050226	0.11152	0.12557	0.077347	0.04999	0.13801	0.076292	0.062983	0.069979	0.063429	1	0.087012	0.12697	0.11939	0.08157	0.033163	0.018361	-0.042404	-0.042144	0.14102	0.080085
0.11148	0.054143	0.094004	0.045419	0.09739	0.081733	0.087129	0.082678	0.12047	0.17571	0.043693	0.084527	0.062717	0.091449	0.087423	0.053092	0.051215	0.0044507	0.034323	0.057407	0.12435	0.034738	0.079736	0.1007	0.087012	1	0.030867	0.084637	0.043237	0.015616	-0.063149	0.025792	0.063093	0.040056	0.1371
0.13091	-0.0087623	-0.0028947	0.047211	0.059341	0.075933	0.1195	0.0126	0.17618	0.085371	0.016791	0.16942	0.048421	0.12245	0.058568	0.10819	0.15501	0.11092	0.040713	0.11858	0.089757	0.023582	0.046159	0.035157	0.12697	0.030867	1	0.1483	0.1249	0.051066	0.094123	0.00031786	-0.0057931	0.1412	0.022507
0.097515	0.015785	-0.002286	0.091645	0.1713	0.11436	0.10213	0.059075	0.19624	0.092064	0.080634	0.1704	0.20439	0.12567	0.031353	0.10586	0.15954	0.082552	0.072604	0.15927	0.12171	0.0020957	0.049299	0.017057	0.11939	0.084637	0.1483	1	0.11764	0.038047	0.027874	0.040653	0.0089593	0.10873	0.081434
0.1225	0.015493	-0.0055451	0.028686	0.064259	0.029066	0.061035	0.11526	0.11462	0.079213	0.00029639	0.1673	0.045263	0.066168	0.026553	0.13026	0.13575	0.037759	0.073562	0.1621	0.1397	-0.020148	0.0035843	0.056659	0.08157	0.043237	0.1249	0.11764	1	0.027277	0.033089	0.0023142	-0.0054872	0.15699	0.10261
0.082158	0.021327	0.037664	0.029778	0.054517	0.017225	0.047549	0.0067299	0.058082	0.055012	0.039689	0.065081	0.049273	0.068003	0.0078369	0.034378	0.05744	0.062435	0.054439	0.07013	0.07611	-0.010117	0.028034	0.0045345	0.033163	0.015616	0.051066	0.038047	0.027277	1	-0.011867	0.015861	0.037296	-0.013877	0.027956
0.05794	0.039554	0.025611	0.011274	-0.026191	0.01854	0.039455	-0.015112	0.028699	-0.024871	-0.036642	0.071321	0.065303	0.05484	0.10606	0.080591	0.059968	0.0090345	-0.025018	0.082548	0.0038634	0.0071104	0.0030223	-0.0068902	0.018361	-0.063149	0.094123	0.027874	0.033089	-0.011867	1	0.12934	-0.010694	0.059614	-0.0029849
0.0092319	0.029695	0.013965	0.012506	0.02421	-0.003949	-0.017248	-0.016669	-0.04545	-0.0009002	0.023216	0.029348	0.062205	-0.020663	0.053583	0.070273	-0.00027212	-0.039533	0.016547	0.0673	0.018092	-0.010418	-2.5008e-05	-0.040112	-0.042404	0.025792	0.00031786	0.040653	0.0023142	0.015861	0.12934	1	0.024078	0.01931	-0.035735
0.0065017	-0.00037291	0.017007	0.022722	0.044851	0.0020209	-0.021668	-0.024684	-0.0076478	0.078485	0.026888	0.00053534	-0.015713	6.7256e-05	-0.034635	-0.033392	-0.044264	-0.047627	-0.003784	-0.032408	-0.02345	0.025923	0.041721	0.032934	-0.042144	0.063093	-0.0057931	0.0089593	-0.0054872	0.037296	-0.010694	0.024078	1	-0.022884	0.021344
0.25636	0.0086	-0.007551	0.090577	0.10684	0.13065	0.15846	0.14534	0.25301	0.15197	-0.0034175	0.23962	0.051078	0.11912	0.037489	0.18981	0.31518	0.15335	0.15687	0.18774	0.15679	0.056978	0.068103	0.073391	0.14102	0.040056	0.1412	0.10873	0.15699	-0.013877	0.059614	0.01931	-0.022884	1	0.14222
0.063579	-0.034131	0.08072	0.092802	0.069117	0.020487	0.044416	0.15315	0.11235	0.13841	0.063755	0.18272	0.11609	0.062748	0.0073149	0.074143	0.14633	0.051097	0.078536	0.10353	0.2161	-0.036703	0.022269	0.081209	0.080085	0.1371	0.022507	0.081434	0.10261	0.027956	-0.0029849	-0.035735	0.021344	0.14222	1
