1	0.13487	0.12752	0.13989	0.15616	0.16539	0.25316	0.094685	0.28434	0.20055	0.016061	0.11376	0.17228	0.088213	0.10565	0.089918	0.23768	0.17163	0.17112	0.039157	0.028832	0.11589	0.18593	0.061212	0.16604	0.18376	0.18598	0.16659	0.11859	0.063489	0.094091	0.017944	0.023307	0.27394	0.087898
0.13487	1	0.11803	0.044854	0.081066	0.06281	0.13324	0.058596	0.090176	0.032169	0.042765	0.056755	0.042788	0.041857	0.087148	0.032725	0.10724	0.029967	0.036741	0.025335	0.047376	0.04851	0.13949	0.095526	0.12266	0.11764	0.083417	0.040751	0.049161	-0.008057	0.079777	0.025552	0.033517	0.11401	0.11489
0.12752	0.11803	1	-0.0040543	0.057512	0.067212	0.10695	0.11376	0.054418	0.073554	0.0094819	0.058454	0.097697	0.06383	0.097143	0.055831	0.099318	0.06828	0.059654	0.032585	0.03972	0.037709	0.14959	0.17409	0.090451	0.1065	0.07757	0.045314	0.060271	0.029346	0.028172	0.02165	0.011298	0.12781	0.094319
0.13989	0.044854	-0.0040543	1	0.17882	0.096547	0.13504	0.06692	0.12823	0.13474	0.042281	0.064512	0.12781	0.046411	0.019168	0.060338	0.067092	0.14221	0.073139	0.038606	0.04781	0.0751	0.027616	0.076729	0.093888	0.072917	0.06086	0.089949	0.06222	0.086564	0.026411	0.0067741	0.043427	0.10359	0.073108
0.15616	0.081066	0.057512	0.17882	1	0.14251	0.14315	0.13819	0.14038	0.32664	0.049531	-0.017536	0.1815	0.089203	0.088251	-0.016037	0.03722	0.092936	0.15921	-0.064503	-0.040255	0.12369	0.076896	0.059173	0.15684	0.14149	0.14998	0.21761	0.050818	0.042621	0.014557	0.0061029	0.03917	0.041142	0.043752
0.16539	0.06281	0.067212	0.096547	0.14251	1	0.20691	-0.011265	0.12181	0.061228	0.055332	-0.02301	0.10077	0.066739	0.040176	-0.0011835	0.097408	0.11735	0.053902	-0.046989	-0.060226	0.009974	0.068682	0.007023	0.091237	0.074504	0.055407	0.1378	0.030482	-0.01057	0.10518	-0.0070799	0.018183	0.076462	0.029234
0.25316	0.13324	0.10695	0.13504	0.14315	0.20691	1	0.085792	0.17523	0.063427	0.026839	0.21198	0.089931	0.082871	0.1081	0.14813	0.18998	0.10382	0.062924	0.16329	0.12406	0.084785	0.11806	0.084732	0.18503	0.13832	0.094234	0.074685	0.065937	0.045939	0.062113	0.016363	-0.017809	0.23564	0.041328
0.094685	0.058596	0.11376	0.06692	0.13819	-0.011265	0.085792	1	0.11503	0.20206	0.023123	0.14262	0.077464	0.084532	0.078465	0.10784	0.15797	0.060789	0.19073	0.15669	0.19572	0.1216	0.05278	0.093933	0.12968	0.10839	0.09344	0.12541	0.12858	0.055048	0.026471	-0.04901	0.0019447	0.15675	0.16762
0.28434	0.090176	0.054418	0.12823	0.14038	0.12181	0.17523	0.11503	1	0.19402	0.042072	0.070273	0.15225	0.1661	0.057258	0.038932	0.27823	0.1773	0.052054	-0.0012972	-0.01328	0.060366	0.12847	0.07186	0.19354	0.13649	0.18491	0.16807	0.13933	0.087761	0.082801	-0.04591	-0.039018	0.26354	0.056167
0.20055	0.032169	0.073554	0.13474	0.32664	0.061228	0.063427	0.20206	0.19402	1	-0.018657	-0.058738	0.23983	0.095912	0.11711	0.0013714	0.027855	0.10468	0.21091	-0.068501	-0.038086	0.15736	0.07119	0.14422	0.11179	0.19412	0.12351	0.18444	0.076265	0.066097	0.0047463	-0.027332	0.051086	0.095979	0.091677
0.016061	0.042765	0.0094819	0.042281	0.049531	0.055332	0.026839	0.023123	0.042072	-0.018657	1	0.041647	0.04052	0.024241	0.031665	0.068265	0.011152	0.044743	-0.026921	0.039791	0.033469	0.021743	0.053019	0.049252	0.065319	0.094154	0.050084	0.071327	0.019252	0.016641	0.029365	0.0081619	0.053118	-0.010889	0.04324
0.11376	0.056755	0.058454	0.064512	-0.017536	-0.02301	0.21198	0.14262	0.070273	-0.058738	0.041647	1	0.065114	0.15032	0.028626	0.44487	0.23886	0.052705	0.06931	0.66053	0.64186	0.078002	0.025104	0.011198	0.11558	0.14868	0.11108	0.062792	0.14953	0.002683	0.048795	-0.034854	-0.0044014	0.18367	0.24315
0.17228	0.042788	0.097697	0.12781	0.1815	0.10077	0.089931	0.077464	0.15225	0.23983	0.04052	0.065114	1	0.15034	0.10654	0.12113	0.032344	0.15876	0.16306	0.03379	-0.0099298	0.081418	0.10361	0.13983	0.12835	0.17637	0.18707	0.31104	0.070076	0.089513	0.072588	0.055471	0.046544	0.059698	0.15625
0.088213	0.041857	0.06383	0.046411	0.089203	0.066739	0.082871	0.084532	0.1661	0.095912	0.024241	0.15032	0.15034	1	0.045946	0.15759	0.16795	0.070779	0.053267	0.13778	0.13553	0.02819	0.071264	0.090577	0.12548	0.11059	0.12703	0.10598	0.074013	0.10973	0.022153	-0.065182	0.038904	0.15052	0.098923
0.10565	0.087148	0.097143	0.019168	0.088251	0.040176	0.1081	0.078465	0.057258	0.11711	0.031665	0.028626	0.10654	0.045946	1	0.10715	0.049187	0.088546	0.10793	0.013339	0.024935	0.04263	0.10318	0.08205	0.13805	0.1099	0.081947	0.10864	0.10293	-0.019884	0.053932	0.045106	-0.018378	0.086529	0.10191
0.089918	0.032725	0.055831	0.060338	-0.016037	-0.0011835	0.14813	0.10784	0.038932	0.0013714	0.068265	0.44487	0.12113	0.15759	0.10715	1	0.15987	0.089988	0.091914	0.48401	0.44111	0.015356	0.016335	0.040973	0.13014	0.20306	0.1044	0.11523	0.17316	0.028087	0.04999	0.06686	0.013299	0.17206	0.18352
0.23768	0.10724	0.099318	0.067092	0.03722	0.097408	0.18998	0.15797	0.27823	0.027855	0.011152	0.23886	0.032344	0.16795	0.049187	0.15987	1	0.15309	0.1145	0.20667	0.23264	0.048881	0.12624	0.088664	0.17629	0.086428	0.12656	0.072544	0.17007	0.054148	0.054208	-0.069625	-0.056773	0.43325	0.182
0.17163	0.029967	0.06828	0.14221	0.092936	0.11735	0.10382	0.060789	0.1773	0.10468	0.044743	0.052705	0.15876	0.070779	0.088546	0.089988	0.15309	1	0.072504	0.013007	0.0039817	0.055807	0.081629	0.030471	0.11922	0.10204	0.14721	0.10604	0.083676	0.089428	0.046995	-0.0026442	0.033852	0.25326	0.023607
0.17112	0.036741	0.059654	0.073139	0.15921	0.053902	0.062924	0.19073	0.052054	0.21091	-0.026921	0.06931	0.16306	0.053267	0.10793	0.091914	0.1145	0.072504	1	0.067598	0.089207	0.083196	0.10129	0.08168	0.072387	0.074619	0.099663	0.1534	0.092212	0.022344	0.02095	-0.012548	0.027688	0.13944	0.10774
0.039157	0.025335	0.032585	0.038606	-0.064503	-0.046989	0.16329	0.15669	-0.0012972	-0.068501	0.039791	0.66053	0.03379	0.13778	0.013339	0.48401	0.20667	0.013007	0.067598	1	0.69984	0.054247	-0.029238	-0.0022152	0.063141	0.15867	0.069834	-0.0088633	0.15009	-0.002906	0.0070063	-0.009222	-0.029439	0.15329	0.26069
0.028832	0.047376	0.03972	0.04781	-0.040255	-0.060226	0.12406	0.19572	-0.01328	-0.038086	0.033469	0.64186	-0.0099298	0.13553	0.024935	0.44111	0.23264	0.0039817	0.089207	0.69984	1	0.052358	-0.047057	0.019825	0.062434	0.17477	0.056293	-0.032055	0.15858	0.018929	0.0022353	-0.025505	-0.016571	0.16053	0.3278
0.11589	0.04851	0.037709	0.0751	0.12369	0.009974	0.084785	0.1216	0.060366	0.15736	0.021743	0.078002	0.081418	0.02819	0.04263	0.015356	0.048881	0.055807	0.083196	0.054247	0.052358	1	0.068589	0.059798	0.1007	0.11474	0.060129	0.077565	0.037658	-0.01031	0.030372	-0.032516	0.062292	0.079551	0.049316
0.18593	0.13949	0.14959	0.027616	0.076896	0.068682	0.11806	0.05278	0.12847	0.07119	0.053019	0.025104	0.10361	0.071264	0.10318	0.016335	0.12624	0.081629	0.10129	-0.029238	-0.047057	0.068589	1	0.19365	0.12982	0.10593	0.064313	0.10218	0.06891	0.038186	0.052307	0.030298	0.016528	0.11216	0.047368
0.061212	0.095526	0.17409	0.076729	0.059173	0.007023	0.084732	0.093933	0.07186	0.14422	0.049252	0.011198	0.13983	0.090577	0.08205	0.040973	0.088664	0.030471	0.08168	-0.0022152	0.019825	0.059798	0.19365	1	0.15583	0.11523	0.0099284	0.088628	0.034267	0.089542	-0.023947	0.0054372	-0.0035781	0.085471	0.099656
0.16604	0.12266	0.090451	0.093888	0.15684	0.091237	0.18503	0.12968	0.19354	0.11179	0.065319	0.11558	0.12835	0.12548	0.13805	0.13014	0.17629	0.11922	0.072387	0.063141	0.062434	0.1007	0.12982	0.15583	1	0.16354	0.17269	0.21261	0.14271	0.05632	0.080474	0.018856	0.0069816	0.16023	0.11253
0.18376	0.11764	0.1065	0.072917	0.14149	0.074504	0.13832	0.10839	0.13649	0.19412	0.094154	0.14868	0.17637	0.11059	0.1099	0.20306	0.086428	0.10204	0.074619	0.15867	0.17477	0.11474	0.10593	0.11523	0.16354	1	0.085162	0.087752	0.11184	0.05666	0.070881	0.00096543	0.046402	0.11497	0.17427
0.18598	0.083417	0.07757	0.06086	0.14998	0.055407	0.094234	0.09344	0.18491	0.12351	0.050084	0.11108	0.18707	0.12703	0.081947	0.1044	0.12656	0.14721	0.099663	0.069834	0.056293	0.060129	0.064313	0.0099284	0.17269	0.085162	1	0.22759	0.14801	0.036373	0.102	0.024525	-0.028735	0.11796	0.045091
0.16659	0.040751	0.045314	0.089949	0.21761	0.1378	0.074685	0.12541	0.16807	0.18444	0.071327	0.062792	0.31104	0.10598	0.10864	0.11523	0.072544	0.10604	0.1534	-0.0088633	-0.032055	0.077565	0.10218	0.088628	0.21261	0.087752	0.22759	1	0.11723	0.024144	0.070935	0.067962	0.0027932	0.054492	0.043044
0.11859	0.049161	0.060271	0.06222	0.050818	0.030482	0.065937	0.12858	0.13933	0.076265	0.019252	0.14953	0.070076	0.074013	0.10293	0.17316	0.17007	0.083676	0.092212	0.15009	0.15858	0.037658	0.06891	0.034267	0.14271	0.11184	0.14801	0.11723	1	0.018539	0.060854	-0.016727	-0.037107	0.1344	0.12136
0.063489	-0.008057	0.029346	0.086564	0.042621	-0.01057	0.045939	0.055048	0.087761	0.066097	0.016641	0.002683	0.089513	0.10973	-0.019884	0.028087	0.054148	0.089428	0.022344	-0.002906	0.018929	-0.01031	0.038186	0.089542	0.05632	0.05666	0.036373	0.024144	0.018539	1	0.036315	0.053751	0.029736	0.030349	0.0049949
0.094091	0.079777	0.028172	0.026411	0.014557	0.10518	0.062113	0.026471	0.082801	0.0047463	0.029365	0.048795	0.072588	0.022153	0.053932	0.04999	0.054208	0.046995	0.02095	0.0070063	0.0022353	0.030372	0.052307	-0.023947	0.080474	0.070881	0.102	0.070935	0.060854	0.036315	1	0.18027	-0.057702	0.086859	-0.0019992
0.017944	0.025552	0.02165	0.0067741	0.0061029	-0.0070799	0.016363	-0.04901	-0.04591	-0.027332	0.0081619	-0.034854	0.055471	-0.065182	0.045106	0.06686	-0.069625	-0.0026442	-0.012548	-0.009222	-0.025505	-0.032516	0.030298	0.0054372	0.018856	0.00096543	0.024525	0.067962	-0.016727	0.053751	0.18027	1	-0.02244	0.026758	-0.059952
0.023307	0.033517	0.011298	0.043427	0.03917	0.018183	-0.017809	0.0019447	-0.039018	0.051086	0.053118	-0.0044014	0.046544	0.038904	-0.018378	0.013299	-0.056773	0.033852	0.027688	-0.029439	-0.016571	0.062292	0.016528	-0.0035781	0.0069816	0.046402	-0.028735	0.0027932	-0.037107	0.029736	-0.057702	-0.02244	1	-0.026736	0.048041
0.27394	0.11401	0.12781	0.10359	0.041142	0.076462	0.23564	0.15675	0.26354	0.095979	-0.010889	0.18367	0.059698	0.15052	0.086529	0.17206	0.43325	0.25326	0.13944	0.15329	0.16053	0.079551	0.11216	0.085471	0.16023	0.11497	0.11796	0.054492	0.1344	0.030349	0.086859	0.026758	-0.026736	1	0.12058
0.087898	0.11489	0.094319	0.073108	0.043752	0.029234	0.041328	0.16762	0.056167	0.091677	0.04324	0.24315	0.15625	0.098923	0.10191	0.18352	0.182	0.023607	0.10774	0.26069	0.3278	0.049316	0.047368	0.099656	0.11253	0.17427	0.045091	0.043044	0.12136	0.0049949	-0.0019992	-0.059952	0.048041	0.12058	1
