1	0.058378	0.060821	0.13053	0.12166	0.16985	0.17457	0.068787	0.25493	0.17227	0.007142	0.14902	0.15508	0.060379	0.047658	0.10244	0.18464	0.12203	0.0772	0.14075	0.12989	0.031083	0.094937	0.020929	0.18062	0.12819	0.13335	0.13016	0.1197	0.035353	0.032551	0.0099283	0.04272	0.24442	0.058742
0.058378	1	0.10011	0.0039872	-0.0012615	0.083792	0.095472	-0.012614	0.094605	0.016319	0.043488	0.11308	0.038828	0.068883	0.1054	0.059455	0.064882	0.029669	0.029399	0.063301	0.052583	0.037781	0.12455	0.064376	0.1037	0.097836	0.039744	0.028496	0.072413	0.024921	0.091909	0.052417	-0.0024655	0.053347	0.053494
0.060821	0.10011	1	0.039017	0.014349	0.056318	0.032488	-0.01319	0.026931	0.032399	0.00092018	0.024065	0.070897	0.046923	0.078534	-0.0026932	0.079857	0.0090311	0.058155	0.010856	0.058959	0.038613	0.079208	0.069502	0.11845	0.060036	-0.010823	0.016984	0.029376	0.026121	0.017358	-0.0098433	0.0036854	0.058476	0.13443
0.13053	0.0039872	0.039017	1	0.10132	0.14007	0.12168	0.098754	0.11707	0.12221	0.0096813	0.10505	0.087261	0.095056	0.055534	0.030741	0.097849	0.071244	0.038958	0.11369	0.055783	0.037346	0.057899	0.053128	0.032124	0.083195	0.063097	0.051535	0.085184	-0.02385	-0.023359	-0.020767	0.039347	0.071948	0.045198
0.12166	-0.0012615	0.014349	0.10132	1	0.12507	0.11227	0.13532	0.11559	0.267	0.013833	0.10564	0.10461	0.015796	0.0099523	0.036057	0.070489	0.022998	0.132	0.072515	0.12767	0.064998	0.032824	0.08583	0.10758	0.05242	0.074762	0.16262	0.01148	0.055557	-0.0036376	0.0065588	0.054579	0.035118	0.096019
0.16985	0.083792	0.056318	0.14007	0.12507	1	0.1796	0.01366	0.17058	0.10919	0.057777	0.09418	0.079653	0.086769	0.084049	0.066823	0.12722	0.15727	0.029397	0.077465	0.086741	0.044734	0.073808	0.047707	0.093663	0.083254	0.057621	0.15096	0.022134	0.048898	0.061	0.0095789	-0.022229	0.16052	0.046099
0.17457	0.095472	0.032488	0.12168	0.11227	0.1796	1	0.031248	0.15981	0.020414	0.010074	0.1531	0.044792	0.091657	0.068228	0.078	0.13349	0.059445	0.030944	0.12873	0.069257	0.031437	0.12448	0.017415	0.17105	0.050587	0.081429	0.1087	0.058024	-0.013969	0.07547	0.027741	0.021658	0.1401	-0.010332
0.068787	-0.012614	-0.01319	0.098754	0.13532	0.01366	0.031248	1	0.017884	0.18083	0.012358	0.12947	0.092685	0.0047454	0.01782	0.11947	0.13504	0.079557	0.13467	0.12656	0.19064	0.08943	-0.040064	0.06447	0.1023	0.052997	0.072555	0.10292	0.097852	0.00030983	-0.033363	0.0018212	0.042955	0.086675	0.14908
0.25493	0.094605	0.026931	0.11707	0.11559	0.17058	0.15981	0.017884	1	0.18265	0.018986	0.19572	0.1103	0.10163	0.068016	0.10348	0.21199	0.14979	0.02512	0.11591	0.092854	0.028577	0.098993	0.037026	0.22951	0.069192	0.13679	0.18758	0.083829	0.070913	0.059008	0.061024	-0.0037561	0.22662	0.053745
0.17227	0.016319	0.032399	0.12221	0.267	0.10919	0.020414	0.18083	0.18265	1	0.029075	0.054914	0.16256	0.036016	0.07878	0.048722	0.098001	0.079098	0.19585	0.062345	0.12922	0.1293	0.019596	0.074546	0.057599	0.12691	0.077866	0.12088	0.055122	0.043716	0.0032773	-0.0132	0.036201	0.079158	0.12321
0.007142	0.043488	0.00092018	0.0096813	0.013833	0.057777	0.010074	0.012358	0.018986	0.029075	1	0.04617	0.005569	0.02646	0.036411	0.016216	0.00081593	0.049064	0.0040934	0.017507	0.013997	0.024215	0.045117	0.036662	0.069009	0.02003	0.043413	0.060292	-0.01359	-0.0052035	0.033702	0.028592	0.012723	-0.015368	-0.0020835
0.14902	0.11308	0.024065	0.10505	0.10564	0.09418	0.1531	0.12947	0.19572	0.054914	0.04617	1	0.16753	0.095265	0.099654	0.33085	0.22465	0.071452	0.074042	0.41515	0.29749	0.044663	0.063382	0.022279	0.15814	0.17577	0.18659	0.22282	0.16503	0.039143	0.075328	0.050886	0.048917	0.14296	0.063539
0.15508	0.038828	0.070897	0.087261	0.10461	0.079653	0.044792	0.092685	0.1103	0.16256	0.005569	0.16753	1	0.085336	0.15595	0.16584	0.10938	0.090391	0.08174	0.15502	0.14664	0.075411	0.027146	0.10134	0.15527	0.12589	0.075358	0.25659	0.079728	0.057808	0.086488	0.037615	0.045444	0.12525	0.14276
0.060379	0.068883	0.046923	0.095056	0.015796	0.086769	0.091657	0.0047454	0.10163	0.036016	0.02646	0.095265	0.085336	1	0.087283	0.072953	0.094632	0.042579	0.034158	0.076836	0.062353	-0.029223	0.0081006	0.0082716	0.086605	0.022741	0.065518	0.067846	0.020184	0.054917	0.028892	0.050155	0.019792	0.11247	0.017372
0.047658	0.1054	0.078534	0.055534	0.0099523	0.084049	0.068228	0.01782	0.068016	0.07878	0.036411	0.099654	0.15595	0.087283	1	0.11854	0.06746	0.021516	0.034763	0.11347	0.065162	0.065175	0.064418	0.023443	0.11769	0.12106	0.061383	0.11987	0.070809	0.0032175	0.045087	0.010448	-0.0092459	0.10567	0.097219
0.10244	0.059455	-0.0026932	0.030741	0.036057	0.066823	0.078	0.11947	0.10348	0.048722	0.016216	0.33085	0.16584	0.072953	0.11854	1	0.14416	0.072502	0.079891	0.40965	0.2382	0.0036284	0.011419	0.051274	0.11688	0.10821	0.12716	0.15283	0.14262	-0.010642	0.056267	0.10359	0.0060172	0.1617	0.084987
0.18464	0.064882	0.079857	0.097849	0.070489	0.12722	0.13349	0.13504	0.21199	0.098001	0.00081593	0.22465	0.10938	0.094632	0.06746	0.14416	1	0.10589	0.10818	0.15477	0.17284	0.02001	0.10911	0.07245	0.14454	0.099532	0.071622	0.12502	0.12547	0.028422	0.051555	-0.022236	-0.0384	0.32778	0.13569
0.12203	0.029669	0.0090311	0.071244	0.022998	0.15727	0.059445	0.079557	0.14979	0.079098	0.049064	0.071452	0.090391	0.042579	0.021516	0.072502	0.10589	1	-0.010164	0.058055	0.047951	0.0708	0.078814	0.025872	0.10288	0.028982	0.096597	0.10872	0.062501	0.018713	0.032809	-0.014662	0.043887	0.20081	0.041399
0.0772	0.029399	0.058155	0.038958	0.132	0.029397	0.030944	0.13467	0.02512	0.19585	0.0040934	0.074042	0.08174	0.034158	0.034763	0.079891	0.10818	-0.010164	1	0.1025	0.11916	0.030975	-0.02443	-0.00058874	0.030337	0.091752	0.015824	-0.010375	0.059824	-0.020699	-0.005019	-0.033946	0.0063079	0.1143	0.11216
0.14075	0.063301	0.010856	0.11369	0.072515	0.077465	0.12873	0.12656	0.11591	0.062345	0.017507	0.41515	0.15502	0.076836	0.11347	0.40965	0.15477	0.058055	0.1025	1	0.31453	0.029662	0.038604	0.059977	0.13629	0.13427	0.12939	0.17403	0.12686	-0.0015619	0.078875	0.053037	0.02342	0.15807	0.054273
0.12989	0.052583	0.058959	0.055783	0.12767	0.086741	0.069257	0.19064	0.092854	0.12922	0.013997	0.29749	0.14664	0.062353	0.065162	0.2382	0.17284	0.047951	0.11916	0.31453	1	0.01948	0.011761	0.083	0.1359	0.11522	0.037084	0.12121	0.071541	0.056232	0.020932	0.056827	0.01114	0.15163	0.18737
0.031083	0.037781	0.038613	0.037346	0.064998	0.044734	0.031437	0.08943	0.028577	0.1293	0.024215	0.044663	0.075411	-0.029223	0.065175	0.0036284	0.02001	0.0708	0.030975	0.029662	0.01948	1	0.025332	0.071335	0.078598	0.094866	0.025683	0.069946	0.08117	0.0035582	-0.019226	-0.029719	0.045884	0.025647	0.062371
0.094937	0.12455	0.079208	0.057899	0.032824	0.073808	0.12448	-0.040064	0.098993	0.019596	0.045117	0.063382	0.027146	0.0081006	0.064418	0.011419	0.10911	0.078814	-0.02443	0.038604	0.011761	0.025332	1	0.064154	0.1263	0.018129	0.063546	0.064386	0.061982	0.012356	0.063263	0.051684	0.028862	0.1149	0.019532
0.020929	0.064376	0.069502	0.053128	0.08583	0.047707	0.017415	0.06447	0.037026	0.074546	0.036662	0.022279	0.10134	0.0082716	0.023443	0.051274	0.07245	0.025872	-0.00058874	0.059977	0.083	0.071335	0.064154	1	0.090451	0.061024	-0.010522	0.025132	0.054805	0.055553	-0.0033529	-0.048539	-0.0087429	0.025978	0.12575
0.18062	0.1037	0.11845	0.032124	0.10758	0.093663	0.17105	0.1023	0.22951	0.057599	0.069009	0.15814	0.15527	0.086605	0.11769	0.11688	0.14454	0.10288	0.030337	0.13629	0.1359	0.078598	0.1263	0.090451	1	0.099599	0.15009	0.16779	0.076158	0.092203	0.017831	0.030565	0.05577	0.1757	0.081863
0.12819	0.097836	0.060036	0.083195	0.05242	0.083254	0.050587	0.052997	0.069192	0.12691	0.02003	0.17577	0.12589	0.022741	0.12106	0.10821	0.099532	0.028982	0.091752	0.13427	0.11522	0.094866	0.018129	0.061024	0.099599	1	0.092977	0.089861	0.07373	0.064124	0.023383	0.0071562	0.047498	0.055327	0.13702
0.13335	0.039744	-0.010823	0.063097	0.074762	0.057621	0.081429	0.072555	0.13679	0.077866	0.043413	0.18659	0.075358	0.065518	0.061383	0.12716	0.071622	0.096597	0.015824	0.12939	0.037084	0.025683	0.063546	-0.010522	0.15009	0.092977	1	0.17414	0.11055	0.0057765	0.051075	-0.032814	0.011689	0.13725	-0.013662
0.13016	0.028496	0.016984	0.051535	0.16262	0.15096	0.1087	0.10292	0.18758	0.12088	0.060292	0.22282	0.25659	0.067846	0.11987	0.15283	0.12502	0.10872	-0.010375	0.17403	0.12121	0.069946	0.064386	0.025132	0.16779	0.089861	0.17414	1	0.10602	0.01458	0.10225	0.085587	-0.011999	0.14718	0.037017
0.1197	0.072413	0.029376	0.085184	0.01148	0.022134	0.058024	0.097852	0.083829	0.055122	-0.01359	0.16503	0.079728	0.020184	0.070809	0.14262	0.12547	0.062501	0.059824	0.12686	0.071541	0.08117	0.061982	0.054805	0.076158	0.07373	0.11055	0.10602	1	0.005717	0.020923	0.014943	0.011189	0.10173	0.021615
0.035353	0.024921	0.026121	-0.02385	0.055557	0.048898	-0.013969	0.00030983	0.070913	0.043716	-0.0052035	0.039143	0.057808	0.054917	0.0032175	-0.010642	0.028422	0.018713	-0.020699	-0.0015619	0.056232	0.0035582	0.012356	0.055553	0.092203	0.064124	0.0057765	0.01458	0.005717	1	-0.0035686	0.019495	0.038717	-1.5764e-05	0.069767
0.032551	0.091909	0.017358	-0.023359	-0.0036376	0.061	0.07547	-0.033363	0.059008	0.0032773	0.033702	0.075328	0.086488	0.028892	0.045087	0.056267	0.051555	0.032809	-0.005019	0.078875	0.020932	-0.019226	0.063263	-0.0033529	0.017831	0.023383	0.051075	0.10225	0.020923	-0.0035686	1	0.14415	-0.033421	0.019264	-0.042511
0.0099283	0.052417	-0.0098433	-0.020767	0.0065588	0.0095789	0.027741	0.0018212	0.061024	-0.0132	0.028592	0.050886	0.037615	0.050155	0.010448	0.10359	-0.022236	-0.014662	-0.033946	0.053037	0.056827	-0.029719	0.051684	-0.048539	0.030565	0.0071562	-0.032814	0.085587	0.014943	0.019495	0.14415	1	-0.018268	-0.010659	-0.021221
0.04272	-0.0024655	0.0036854	0.039347	0.054579	-0.022229	0.021658	0.042955	-0.0037561	0.036201	0.012723	0.048917	0.045444	0.019792	-0.0092459	0.0060172	-0.0384	0.043887	0.0063079	0.02342	0.01114	0.045884	0.028862	-0.0087429	0.05577	0.047498	0.011689	-0.011999	0.011189	0.038717	-0.033421	-0.018268	1	-0.018492	-0.0034454
0.24442	0.053347	0.058476	0.071948	0.035118	0.16052	0.1401	0.086675	0.22662	0.079158	-0.015368	0.14296	0.12525	0.11247	0.10567	0.1617	0.32778	0.20081	0.1143	0.15807	0.15163	0.025647	0.1149	0.025978	0.1757	0.055327	0.13725	0.14718	0.10173	-1.5764e-05	0.019264	-0.010659	-0.018492	1	0.1398
0.058742	0.053494	0.13443	0.045198	0.096019	0.046099	-0.010332	0.14908	0.053745	0.12321	-0.0020835	0.063539	0.14276	0.017372	0.097219	0.084987	0.13569	0.041399	0.11216	0.054273	0.18737	0.062371	0.019532	0.12575	0.081863	0.13702	-0.013662	0.037017	0.021615	0.069767	-0.042511	-0.021221	-0.0034454	0.1398	1
