1	0.059711	0.03766	0.10332	0.20667	0.12574	0.18903	0.097612	0.27664	0.20292	-0.034083	0.15734	0.10994	0.094342	0.042425	0.14407	0.2254	0.13091	0.1134	0.20028	0.13323	0.062404	0.11194	0.063788	0.16931	0.12992	0.10348	0.15027	0.084447	0.042658	0.060519	-0.02827	0.056384	0.31237	0.090615
0.059711	1	0.060581	-0.0034309	0.062404	0.038164	0.06112	0.025603	0.065854	0.043572	0.011376	0.046691	0.037381	0.0212	0.016647	0.030984	0.060488	0.031586	0.037577	0.061927	0.053773	0.018849	0.096753	0.075603	0.11614	0.03443	0.052692	0.042299	0.030851	-0.014583	0.064855	0.015653	0.033088	0.060004	0.059996
0.03766	0.060581	1	0.043032	0.08777	0.067166	0.025418	0.014422	0.052216	0.084525	-0.057482	0.072238	0.060825	0.035485	0.010823	0.023694	0.028632	-0.0084387	0.037232	0.050826	0.043698	0.0081023	0.085008	0.066975	0.045623	0.092696	0.021752	0.015512	0.041409	0.0089325	-0.011083	-0.02683	0.02392	0.06491	0.11719
0.10332	-0.0034309	0.043032	1	0.11744	0.10499	0.11983	0.061065	0.085861	0.10377	0.0030196	0.13597	0.053149	-0.015701	0.040831	0.058765	0.10856	0.044544	0.039579	0.098536	0.098597	0.061766	0.097219	0.057694	0.070652	0.070702	0.069366	0.043982	0.007	0.033076	0.028995	-0.0306	0.067748	0.066354	0.084129
0.20667	0.062404	0.08777	0.11744	1	0.13645	0.13294	0.1338	0.17777	0.2346	0.0045465	0.15077	0.14994	0.01661	-0.0012998	0.11364	0.14643	0.073539	0.16709	0.15809	0.14472	0.12518	0.07643	0.089968	0.13529	0.11689	0.089531	0.17355	0.065772	-0.016887	0.027046	-0.018694	0.070445	0.15211	0.12887
0.12574	0.038164	0.067166	0.10499	0.13645	1	0.13249	-0.01824	0.061426	0.072075	0.0025197	0.11723	0.061042	0.055815	0.048933	0.027041	0.042809	0.056171	0.10493	0.070536	0.046797	0.008724	0.060078	0.012328	0.069427	0.1191	0.036517	0.091019	0.02514	0.028273	0.043888	0.010046	0.055643	0.095932	0.10164
0.18903	0.06112	0.025418	0.11983	0.13294	0.13249	1	0.096888	0.18742	0.07563	0.015097	0.18378	0.029608	0.06289	0.023802	0.09668	0.13116	0.084085	0.027304	0.11832	0.10614	0.039859	0.099284	0.041795	0.15056	0.058877	0.11927	0.09737	0.056698	0.027313	-0.016846	-0.0079991	-0.0070167	0.2073	0.10818
0.097612	0.025603	0.014422	0.061065	0.1338	-0.01824	0.096888	1	0.1139	0.23076	0.0016166	0.11637	0.11647	0.018148	-0.004234	0.077421	0.1554	0.090973	0.21411	0.12764	0.18352	0.056274	0.013989	0.069226	0.010342	0.059039	0.061029	0.042747	0.064663	0.00068398	-0.034874	-0.055847	-0.0099236	0.16987	0.20926
0.27664	0.065854	0.052216	0.085861	0.17777	0.061426	0.18742	0.1139	1	0.23959	0.01335	0.23609	0.12829	0.16158	0.062358	0.16387	0.28609	0.21441	0.092364	0.22347	0.21549	0.081726	0.10835	0.039839	0.17201	0.13844	0.1767	0.19695	0.11382	0.025632	0.0099245	-0.063854	0.047168	0.32624	0.11222
0.20292	0.043572	0.084525	0.10377	0.2346	0.072075	0.07563	0.23076	0.23959	1	0.018107	0.1088	0.18064	0.071894	0.055943	0.13072	0.2428	0.16611	0.27031	0.17598	0.21487	0.095886	0.049551	0.11351	0.12191	0.15665	0.08409	0.17417	0.15029	0.024977	0.00081725	-0.048328	0.035578	0.23948	0.22184
-0.034083	0.011376	-0.057482	0.0030196	0.0045465	0.0025197	0.015097	0.0016166	0.01335	0.018107	1	0.043972	0.02415	0.0022683	-0.019672	0.059993	-0.00096085	0.022594	-0.0085495	0.0013471	-0.0086624	0.023909	0.06691	0.027207	0.029479	0.027318	0.015583	-0.00014866	-0.027311	0.0020433	-0.011715	-0.0099367	-0.01002	-0.018602	-0.029453
0.15734	0.046691	0.072238	0.13597	0.15077	0.11723	0.18378	0.11637	0.23609	0.1088	0.043972	1	0.16316	0.11207	0.075179	0.23933	0.16851	0.1154	0.083497	0.31795	0.27737	0.039621	0.099685	0.098235	0.19362	0.18032	0.14728	0.17601	0.12343	0.065916	0.044461	-0.01876	0.010065	0.18754	0.14179
0.10994	0.037381	0.060825	0.053149	0.14994	0.061042	0.029608	0.11647	0.12829	0.18064	0.02415	0.16316	1	0.10913	0.09462	0.225	0.094414	0.13375	0.14817	0.17917	0.20238	0.041194	0.020129	0.12203	0.062664	0.11988	0.12254	0.29654	0.12195	-0.010872	0.025991	0.023009	-0.012608	0.074511	0.111
0.094342	0.0212	0.035485	-0.015701	0.01661	0.055815	0.06289	0.018148	0.16158	0.071894	0.0022683	0.11207	0.10913	1	0.025353	0.15446	0.12627	0.053715	0.013552	0.097467	0.10942	0.01257	0.0068268	0.026926	0.043617	0.065417	0.053647	0.10351	0.024678	0.09116	0.028188	-0.0064498	-0.010002	0.12879	0.040642
0.042425	0.016647	0.010823	0.040831	-0.0012998	0.048933	0.023802	-0.004234	0.062358	0.055943	-0.019672	0.075179	0.09462	0.025353	1	0.10296	0.051919	0.034802	0.040326	0.097723	0.095623	0.0056925	0.0089932	-0.0024033	0.065614	0.08238	0.083319	0.059284	0.069601	-0.021617	0.066018	0.028563	0.0023117	0.066263	0.044625
0.14407	0.030984	0.023694	0.058765	0.11364	0.027041	0.09668	0.077421	0.16387	0.13072	0.059993	0.23933	0.225	0.15446	0.10296	1	0.17457	0.096325	0.11238	0.31761	0.22074	-0.00085049	0.046285	0.089299	0.15697	0.11533	0.095862	0.17739	0.1157	0.026503	0.023214	0.0001258	-0.026713	0.21677	0.088355
0.2254	0.060488	0.028632	0.10856	0.14643	0.042809	0.13116	0.1554	0.28609	0.2428	-0.00096085	0.16851	0.094414	0.12627	0.051919	0.17457	1	0.18644	0.11751	0.2117	0.21379	0.032741	0.070813	0.074426	0.11923	0.070683	0.1053	0.15998	0.10258	0.039812	-0.0023425	-0.091709	0.0084619	0.43325	0.11771
0.13091	0.031586	-0.0084387	0.044544	0.073539	0.056171	0.084085	0.090973	0.21441	0.16611	0.022594	0.1154	0.13375	0.053715	0.034802	0.096325	0.18644	1	0.07293	0.079339	0.082606	0.073587	0.022185	0.045569	0.10095	0.0085583	0.10655	0.10954	0.1091	0.056635	-0.025038	-0.033111	0.016225	0.23417	0.038953
0.1134	0.037577	0.037232	0.039579	0.16709	0.10493	0.027304	0.21411	0.092364	0.27031	-0.0085495	0.083497	0.14817	0.013552	0.040326	0.11238	0.11751	0.07293	1	0.11594	0.16228	0.05716	0.10926	0.057115	0.056845	0.090404	0.050642	0.10005	0.10982	0.016519	0.04261	-0.0051154	0.027721	0.15831	0.1169
0.20028	0.061927	0.050826	0.098536	0.15809	0.070536	0.11832	0.12764	0.22347	0.17598	0.0013471	0.31795	0.17917	0.097467	0.097723	0.31761	0.2117	0.079339	0.11594	1	0.28092	0.038906	0.10757	0.053235	0.14214	0.15708	0.14104	0.16277	0.12978	0.031568	0.041629	-0.0037922	0.0016375	0.22472	0.12861
0.13323	0.053773	0.043698	0.098597	0.14472	0.046797	0.10614	0.18352	0.21549	0.21487	-0.0086624	0.27737	0.20238	0.10942	0.095623	0.22074	0.21379	0.082606	0.16228	0.28092	1	0.04546	0.017603	0.10036	0.08929	0.13933	0.11172	0.18461	0.13925	0.075215	0.006061	-0.03506	-0.011513	0.23507	0.19182
0.062404	0.018849	0.0081023	0.061766	0.12518	0.008724	0.039859	0.056274	0.081726	0.095886	0.023909	0.039621	0.041194	0.01257	0.0056925	-0.00085049	0.032741	0.073587	0.05716	0.038906	0.04546	1	0.035858	0.010169	0.056746	0.082908	0.038176	0.052599	0.0054994	0.012506	-0.010476	-0.041264	0.11478	0.097732	0.059283
0.11194	0.096753	0.085008	0.097219	0.07643	0.060078	0.099284	0.013989	0.10835	0.049551	0.06691	0.099685	0.020129	0.0068268	0.0089932	0.046285	0.070813	0.022185	0.10926	0.10757	0.017603	0.035858	1	0.063816	0.12902	0.057958	0.077732	0.041966	0.012235	0.038052	0.066737	0.036952	0.058226	0.1057	0.054999
0.063788	0.075603	0.066975	0.057694	0.089968	0.012328	0.041795	0.069226	0.039839	0.11351	0.027207	0.098235	0.12203	0.026926	-0.0024033	0.089299	0.074426	0.045569	0.057115	0.053235	0.10036	0.010169	0.063816	1	0.10441	0.10602	0.016536	0.054263	-0.0075229	0.035228	-0.023925	-0.020177	0.027247	0.080771	0.15235
0.16931	0.11614	0.045623	0.070652	0.13529	0.069427	0.15056	0.010342	0.17201	0.12191	0.029479	0.19362	0.062664	0.043617	0.065614	0.15697	0.11923	0.10095	0.056845	0.14214	0.08929	0.056746	0.12902	0.10441	1	0.13006	0.16003	0.11915	0.10777	0.02097	0.089094	0.026786	0.043495	0.17436	0.093615
0.12992	0.03443	0.092696	0.070702	0.11689	0.1191	0.058877	0.059039	0.13844	0.15665	0.027318	0.18032	0.11988	0.065417	0.08238	0.11533	0.070683	0.0085583	0.090404	0.15708	0.13933	0.082908	0.057958	0.10602	0.13006	1	0.070892	0.088931	0.094748	0.0083915	0.023959	0.00051994	0.041777	0.10673	0.13937
0.10348	0.052692	0.021752	0.069366	0.089531	0.036517	0.11927	0.061029	0.1767	0.08409	0.015583	0.14728	0.12254	0.053647	0.083319	0.095862	0.1053	0.10655	0.050642	0.14104	0.11172	0.038176	0.077732	0.016536	0.16003	0.070892	1	0.19774	0.1195	-0.0035351	0.034271	-0.0079807	-0.0026742	0.16892	0.054047
0.15027	0.042299	0.015512	0.043982	0.17355	0.091019	0.09737	0.042747	0.19695	0.17417	-0.00014866	0.17601	0.29654	0.10351	0.059284	0.17739	0.15998	0.10954	0.10005	0.16277	0.18461	0.052599	0.041966	0.054263	0.11915	0.088931	0.19774	1	0.15048	0.0056884	0.074662	0.071715	0.036911	0.12488	0.070321
0.084447	0.030851	0.041409	0.007	0.065772	0.02514	0.056698	0.064663	0.11382	0.15029	-0.027311	0.12343	0.12195	0.024678	0.069601	0.1157	0.10258	0.1091	0.10982	0.12978	0.13925	0.0054994	0.012235	-0.0075229	0.10777	0.094748	0.1195	0.15048	1	-0.016272	0.027831	0.017426	-0.0031857	0.15125	0.09165
0.042658	-0.014583	0.0089325	0.033076	-0.016887	0.028273	0.027313	0.00068398	0.025632	0.024977	0.0020433	0.065916	-0.010872	0.09116	-0.021617	0.026503	0.039812	0.056635	0.016519	0.031568	0.075215	0.012506	0.038052	0.035228	0.02097	0.0083915	-0.0035351	0.0056884	-0.016272	1	0.0068629	0.0087665	0.013195	0.032977	0.01647
0.060519	0.064855	-0.011083	0.028995	0.027046	0.043888	-0.016846	-0.034874	0.0099245	0.00081725	-0.011715	0.044461	0.025991	0.028188	0.066018	0.023214	-0.0023425	-0.025038	0.04261	0.041629	0.006061	-0.010476	0.066737	-0.023925	0.089094	0.023959	0.034271	0.074662	0.027831	0.0068629	1	0.12088	-0.0082342	0.0016302	0.0047591
-0.02827	0.015653	-0.02683	-0.0306	-0.018694	0.010046	-0.0079991	-0.055847	-0.063854	-0.048328	-0.0099367	-0.01876	0.023009	-0.0064498	0.028563	0.0001258	-0.091709	-0.033111	-0.0051154	-0.0037922	-0.03506	-0.041264	0.036952	-0.020177	0.026786	0.00051994	-0.0079807	0.071715	0.017426	0.0087665	0.12088	1	-0.012979	-0.033258	-0.040419
0.056384	0.033088	0.02392	0.067748	0.070445	0.055643	-0.0070167	-0.0099236	0.047168	0.035578	-0.01002	0.010065	-0.012608	-0.010002	0.0023117	-0.026713	0.0084619	0.016225	0.027721	0.0016375	-0.011513	0.11478	0.058226	0.027247	0.043495	0.041777	-0.0026742	0.036911	-0.0031857	0.013195	-0.0082342	-0.012979	1	0.013912	-0.0043182
0.31237	0.060004	0.06491	0.066354	0.15211	0.095932	0.2073	0.16987	0.32624	0.23948	-0.018602	0.18754	0.074511	0.12879	0.066263	0.21677	0.43325	0.23417	0.15831	0.22472	0.23507	0.097732	0.1057	0.080771	0.17436	0.10673	0.16892	0.12488	0.15125	0.032977	0.0016302	-0.033258	0.013912	1	0.14176
0.090615	0.059996	0.11719	0.084129	0.12887	0.10164	0.10818	0.20926	0.11222	0.22184	-0.029453	0.14179	0.111	0.040642	0.044625	0.088355	0.11771	0.038953	0.1169	0.12861	0.19182	0.059283	0.054999	0.15235	0.093615	0.13937	0.054047	0.070321	0.09165	0.01647	0.0047591	-0.040419	-0.0043182	0.14176	1
