1	0.080556	0.075028	0.10434	0.12658	0.13106	0.18649	0.14038	0.29548	0.19471	0.015288	0.039481	0.14032	0.080658	0.062766	-0.057152	0.18124	0.14821	0.05977	-0.071961	-0.018345	0.091858	0.13766	0.10684	0.16603	0.16372	0.13352	0.11941	0.075448	0.061871	0.062578	0.013277	0.071009	0.28294	0.065661
0.080556	1	0.073764	0.025786	0.0093155	0.047495	0.095298	0.10232	0.043917	0.054744	-0.028639	0.038943	0.039718	0.024557	0.01759	-0.029232	0.043515	0.034626	-0.013568	-0.020867	-0.025924	0.014609	0.061171	0.032461	0.10325	0.061268	0.039438	0.010119	0.073776	0.015103	0.059288	0.044903	-0.0036912	0.054915	0.054914
0.075028	0.073764	1	0.058131	0.033397	0.055471	0.061008	0.033603	0.065491	0.094523	0.013741	0.020164	0.041749	0.048191	0.11349	0.027348	0.08074	0.027042	0.066885	0.050354	0.035611	0.035502	0.070919	0.11736	0.065809	0.043988	0.037422	0.061806	0.05328	-0.0085359	0.0099105	0.02091	0.031126	0.05216	0.071983
0.10434	0.025786	0.058131	1	0.12226	0.08197	0.10843	0.063887	0.10577	0.10285	0.026302	0.112	0.058597	0.035759	0.012404	0.069391	0.045841	0.085372	0.070777	0.037525	0.03516	0.089661	0.056267	0.061107	0.10008	0.082862	0.0081171	0.11661	0.05765	0.025089	0.0015083	-0.00080019	0.072147	0.076497	0.042349
0.12658	0.0093155	0.033397	0.12226	1	0.077088	0.070049	0.1297	0.083482	0.27289	0.01591	0.11398	0.17445	0.048742	0.061181	0.091367	0.031756	0.07443	0.12701	0.074317	0.068953	0.089154	-0.003167	0.071876	0.14112	0.1153	0.055604	0.18243	0.032178	-0.028904	-0.0082255	0.0071934	0.057083	0.034461	0.090245
0.13106	0.047495	0.055471	0.08197	0.077088	1	0.18936	-0.07035	0.14371	0.026423	0.082957	0.029199	0.12694	0.069035	0.059753	-0.052137	0.12443	0.10138	0.038053	-0.02076	-0.034819	0.067813	0.15463	0.028166	0.083988	0.087945	0.081325	0.14333	0.036732	0.016521	0.024771	-0.032935	0.013155	0.12238	0.035853
0.18649	0.095298	0.061008	0.10843	0.070049	0.18936	1	0.016726	0.22985	0.029085	0.032464	0.13289	0.091284	0.044169	-0.0028932	-0.015879	0.16699	0.063374	-0.019553	-0.0025369	0.03309	0.043861	0.10235	0.05272	0.14452	0.08985	0.08171	0.065265	0.022458	0.02592	0.036431	-0.028875	0.024086	0.16401	0.028818
0.14038	0.10232	0.033603	0.063887	0.1297	-0.07035	0.016726	1	0.031799	0.22063	0.0016414	0.079396	0.13804	0.065496	0.061227	0.034283	0.10837	0.028687	0.16934	0.049639	0.088254	0.095826	0.0076019	0.15777	0.10315	0.1	0.065563	0.095503	0.13564	0.032244	0.0318	-0.01785	0.0034231	0.1261	0.20421
0.29548	0.043917	0.065491	0.10577	0.083482	0.14371	0.22985	0.031799	1	0.18226	0.01472	0.097126	0.1691	0.13939	0.061633	-0.064494	0.26666	0.17245	-0.022607	-0.11816	-0.014257	0.064848	0.091809	0.047701	0.19647	0.17015	0.21861	0.16802	0.060563	0.040423	0.057082	-0.0052802	0.036897	0.26903	0.066229
0.19471	0.054744	0.094523	0.10285	0.27289	0.026423	0.029085	0.22063	0.18226	1	-0.024697	-0.025812	0.21918	0.087416	0.10646	-0.0076707	0.091664	0.09588	0.23657	-0.052328	-0.0088383	0.14232	-0.0017779	0.12122	0.1217	0.21752	0.11595	0.13775	0.054091	0.019255	-0.010657	0.011493	0.11596	0.11875	0.13577
0.015288	-0.028639	0.013741	0.026302	0.01591	0.082957	0.032464	0.0016414	0.01472	-0.024697	1	0.020124	-0.018172	0.019588	0.061756	0.074401	0.056604	0.034102	0.0088612	0.074447	0.072992	-0.00011495	0.064276	0.052206	0.0067679	0.029637	-0.005078	0.03464	0.033636	-0.01095	-0.018193	-0.0089445	0.029566	0.039311	0.024386
0.039481	0.038943	0.020164	0.112	0.11398	0.029199	0.13289	0.079396	0.097126	-0.025812	0.020124	1	0.02354	0.026728	0.041652	0.37321	0.17071	0.12167	0.07583	0.45584	0.37144	-0.046176	0.010234	0.024889	0.089493	0.005334	0.1262	0.15197	0.184	-0.013001	0.035079	0.021456	-0.021494	0.15018	0.11246
0.14032	0.039718	0.041749	0.058597	0.17445	0.12694	0.091284	0.13804	0.1691	0.21918	-0.018172	0.02354	1	0.13823	0.10402	-0.053412	0.089357	0.10617	0.076919	-0.11277	-0.036327	0.14736	0.037868	0.066537	0.12197	0.2035	0.11203	0.26112	0.055197	0.069378	0.025218	-0.01917	0.07978	0.033914	0.13553
0.080658	0.024557	0.048191	0.035759	0.048742	0.069035	0.044169	0.065496	0.13939	0.087416	0.019588	0.026728	0.13823	1	0.10501	0.024206	0.12016	0.017677	0.026599	0.0040374	0.00026062	0.050311	0.037218	0.026479	0.08064	0.077201	0.12057	0.10031	0.053779	0.085891	0.028384	-0.0018426	0.089774	0.074908	0.04294
0.062766	0.01759	0.11349	0.012404	0.061181	0.059753	-0.0028932	0.061227	0.061633	0.10646	0.061756	0.041652	0.10402	0.10501	1	0.046524	0.090288	0.020571	0.043057	0.024353	0.048775	0.033557	0.048878	0.044294	0.10411	0.13313	0.095592	0.1322	0.06301	0.0019081	0.035377	-0.030603	-0.028336	0.020283	0.081677
-0.057152	-0.029232	0.027348	0.069391	0.091367	-0.052137	-0.015879	0.034283	-0.064494	-0.0076707	0.074401	0.37321	-0.053412	0.024206	0.046524	1	0.090766	0.07721	0.13308	0.64107	0.49119	-0.14781	-0.081187	-0.0096637	0.030964	-0.15661	0.025876	0.076106	0.13552	0.00012471	0.034066	0.04578	-0.026365	0.076706	0.06896
0.18124	0.043515	0.08074	0.045841	0.031756	0.12443	0.16699	0.10837	0.26666	0.091664	0.056604	0.17071	0.089357	0.12016	0.090288	0.090766	1	0.18381	0.086148	0.10306	0.10551	-0.00067329	0.057604	0.10243	0.13779	0.066742	0.17154	0.12566	0.14609	-0.028509	0.077753	0.0028928	0.015102	0.35692	0.13896
0.14821	0.034626	0.027042	0.085372	0.07443	0.10138	0.063374	0.028687	0.17245	0.09588	0.034102	0.12167	0.10617	0.017677	0.020571	0.07721	0.18381	1	0.10208	0.087352	0.10773	0.040137	0.020315	0.038072	0.081466	0.016709	0.099168	0.10002	0.06804	0.056935	0.050735	0.012612	0.033197	0.16304	0.034839
0.05977	-0.013568	0.066885	0.070777	0.12701	0.038053	-0.019553	0.16934	-0.022607	0.23657	0.0088612	0.07583	0.076919	0.026599	0.043057	0.13308	0.086148	0.10208	1	0.11939	0.11731	0.058013	0.032373	0.050497	0.036795	0.067728	0.040682	0.047699	0.04992	0.011397	-0.018558	-0.0045734	0.019025	0.13171	0.054937
-0.071961	-0.020867	0.050354	0.037525	0.074317	-0.02076	-0.0025369	0.049639	-0.11816	-0.052328	0.074447	0.45584	-0.11277	0.0040374	0.024353	0.64107	0.10306	0.087352	0.11939	1	0.55494	-0.12397	-0.084386	-0.014431	0.014033	-0.20523	0.026043	0.057321	0.13861	-0.024048	-0.0056065	0.025291	-0.050519	0.10735	0.081439
-0.018345	-0.025924	0.035611	0.03516	0.068953	-0.034819	0.03309	0.088254	-0.014257	-0.0088383	0.072992	0.37144	-0.036327	0.00026062	0.048775	0.49119	0.10551	0.10773	0.11731	0.55494	1	-0.098823	-0.078014	0.052236	0.03631	-0.071055	0.058715	0.065848	0.13886	0.02137	-0.01595	0.0039915	-0.013444	0.1183	0.13615
0.091858	0.014609	0.035502	0.089661	0.089154	0.067813	0.043861	0.095826	0.064848	0.14232	-0.00011495	-0.046176	0.14736	0.050311	0.033557	-0.14781	-0.00067329	0.040137	0.058013	-0.12397	-0.098823	1	0.049646	0.092526	0.077303	0.11202	0.054492	0.090354	0.02789	-0.0073834	-0.030412	-0.042188	0.11049	-0.0024261	0.025562
0.13766	0.061171	0.070919	0.056267	-0.003167	0.15463	0.10235	0.0076019	0.091809	-0.0017779	0.064276	0.010234	0.037868	0.037218	0.048878	-0.081187	0.057604	0.020315	0.032373	-0.084386	-0.078014	0.049646	1	0.07617	0.10644	0.074993	0.038361	0.079295	0.032812	0.02809	0.035057	0.011104	0.030255	0.028262	-0.037544
0.10684	0.032461	0.11736	0.061107	0.071876	0.028166	0.05272	0.15777	0.047701	0.12122	0.052206	0.024889	0.066537	0.026479	0.044294	-0.0096637	0.10243	0.038072	0.050497	-0.014431	0.052236	0.092526	0.07617	1	0.037621	0.090032	0.014174	0.037335	0.065827	0.056942	0.0019434	-0.021592	0.028891	0.092626	0.12276
0.16603	0.10325	0.065809	0.10008	0.14112	0.083988	0.14452	0.10315	0.19647	0.1217	0.0067679	0.089493	0.12197	0.08064	0.10411	0.030964	0.13779	0.081466	0.036795	0.014033	0.03631	0.077303	0.10644	0.037621	1	0.1161	0.12798	0.19217	0.10476	0.021093	0.067991	0.0034585	0.033118	0.12599	0.093281
0.16372	0.061268	0.043988	0.082862	0.1153	0.087945	0.08985	0.1	0.17015	0.21752	0.029637	0.005334	0.2035	0.077201	0.13313	-0.15661	0.066742	0.016709	0.067728	-0.20523	-0.071055	0.11202	0.074993	0.090032	0.1161	1	0.05496	0.099355	0.035022	0.054834	-0.011427	-0.0053287	0.080036	0.086021	0.15536
0.13352	0.039438	0.037422	0.0081171	0.055604	0.081325	0.08171	0.065563	0.21861	0.11595	-0.005078	0.1262	0.11203	0.12057	0.095592	0.025876	0.17154	0.099168	0.040682	0.026043	0.058715	0.054492	0.038361	0.014174	0.12798	0.05496	1	0.20236	0.13188	0.045098	0.055229	0.0075783	0.025935	0.14469	0.0018505
0.11941	0.010119	0.061806	0.11661	0.18243	0.14333	0.065265	0.095503	0.16802	0.13775	0.03464	0.15197	0.26112	0.10031	0.1322	0.076106	0.12566	0.10002	0.047699	0.057321	0.065848	0.090354	0.079295	0.037335	0.19217	0.099355	0.20236	1	0.12331	0.0024303	0.049771	0.026786	0.021607	0.049571	0.062735
0.075448	0.073776	0.05328	0.05765	0.032178	0.036732	0.022458	0.13564	0.060563	0.054091	0.033636	0.184	0.055197	0.053779	0.06301	0.13552	0.14609	0.06804	0.04992	0.13861	0.13886	0.02789	0.032812	0.065827	0.10476	0.035022	0.13188	0.12331	1	-0.028575	0.047131	0.053401	-0.019603	0.11521	0.11184
0.061871	0.015103	-0.0085359	0.025089	-0.028904	0.016521	0.02592	0.032244	0.040423	0.019255	-0.01095	-0.013001	0.069378	0.085891	0.0019081	0.00012471	-0.028509	0.056935	0.011397	-0.024048	0.02137	-0.0073834	0.02809	0.056942	0.021093	0.054834	0.045098	0.0024303	-0.028575	1	0.015441	0.033062	0.058892	-0.0080551	0.0068279
0.062578	0.059288	0.0099105	0.0015083	-0.0082255	0.024771	0.036431	0.0318	0.057082	-0.010657	-0.018193	0.035079	0.025218	0.028384	0.035377	0.034066	0.077753	0.050735	-0.018558	-0.0056065	-0.01595	-0.030412	0.035057	0.0019434	0.067991	-0.011427	0.055229	0.049771	0.047131	0.015441	1	0.10363	-0.020422	0.081755	0.0094094
0.013277	0.044903	0.02091	-0.00080019	0.0071934	-0.032935	-0.028875	-0.01785	-0.0052802	0.011493	-0.0089445	0.021456	-0.01917	-0.0018426	-0.030603	0.04578	0.0028928	0.012612	-0.0045734	0.025291	0.0039915	-0.042188	0.011104	-0.021592	0.0034585	-0.0053287	0.0075783	0.026786	0.053401	0.033062	0.10363	1	0.024128	0.0223	-0.014202
0.071009	-0.0036912	0.031126	0.072147	0.057083	0.013155	0.024086	0.0034231	0.036897	0.11596	0.029566	-0.021494	0.07978	0.089774	-0.028336	-0.026365	0.015102	0.033197	0.019025	-0.050519	-0.013444	0.11049	0.030255	0.028891	0.033118	0.080036	0.025935	0.021607	-0.019603	0.058892	-0.020422	0.024128	1	0.002561	-0.016449
0.28294	0.054915	0.05216	0.076497	0.034461	0.12238	0.16401	0.1261	0.26903	0.11875	0.039311	0.15018	0.033914	0.074908	0.020283	0.076706	0.35692	0.16304	0.13171	0.10735	0.1183	-0.0024261	0.028262	0.092626	0.12599	0.086021	0.14469	0.049571	0.11521	-0.0080551	0.081755	0.0223	0.002561	1	0.11008
0.065661	0.054914	0.071983	0.042349	0.090245	0.035853	0.028818	0.20421	0.066229	0.13577	0.024386	0.11246	0.13553	0.04294	0.081677	0.06896	0.13896	0.034839	0.054937	0.081439	0.13615	0.025562	-0.037544	0.12276	0.093281	0.15536	0.0018505	0.062735	0.11184	0.0068279	0.0094094	-0.014202	-0.016449	0.11008	1
