1	0.038809	0.065023	0.082176	0.17033	0.15114	0.19285	0.076283	0.23838	0.15565	0.026201	0.18151	0.063359	0.081959	0.065503	0.12509	0.16712	0.17427	0.095572	0.11153	0.076493	0.061557	0.090063	0.010444	0.1303	0.084292	0.17073	0.10183	0.052678	0.042678	0.0087122	-0.019561	0.016037	0.2505	0.053745
0.038809	1	0.038404	-0.0067289	0.036854	0.025745	0.079018	0.039488	0.054491	-0.0078338	-0.016211	0.084173	0.0077351	0.0335	0.061446	0.072592	0.05319	0.021649	0.0098871	0.046268	0.023774	0.025052	0.080941	-0.0044252	0.063533	0.057168	0.050661	0.041397	0.0098951	0.010735	0.015546	0.0079125	0.037916	0.026106	0.047252
0.065023	0.038404	1	0.030134	0.059028	0.067442	0.047357	0.055315	0.043513	0.030131	0.020853	0.07265	0.058625	0.01585	0.013482	0.11104	0.038178	0.035243	-0.0073847	0.084322	0.079249	0.066824	0.094144	0.097066	0.046055	0.038902	0.014089	0.031189	0.036313	0.014525	-0.0422	-0.010632	0.020377	0.042433	0.077169
0.082176	-0.0067289	0.030134	1	0.12041	0.082986	0.091497	0.045908	0.10583	0.1169	0.014165	0.11679	0.081446	0.021247	0.031437	0.026155	0.054923	0.090445	0.045926	0.032229	0.020867	0.040173	0.048514	0.028152	0.074229	0.032016	0.10652	0.069858	0.024541	0.050081	0.030933	0.022903	0.054063	0.10262	0.04547
0.17033	0.036854	0.059028	0.12041	1	0.13442	0.13049	0.10019	0.13231	0.20811	0.026915	0.08308	0.15395	0.035374	0.042421	0.03255	0.10452	0.0778	0.10463	0.04517	0.044481	0.11752	0.033086	0.11178	0.1103	0.10731	0.14414	0.16531	0.051021	0.026763	-0.00586	-0.030996	0.057866	0.076017	0.11765
0.15114	0.025745	0.067442	0.082986	0.13442	1	0.1861	-0.0539	0.11638	0.042693	0.00022664	0.1019	0.076367	0.05277	0.042277	0.046201	0.074875	0.085962	0.069222	0.043816	-0.00033973	0.033874	0.073813	0.049238	0.1188	0.035117	0.061094	0.12488	-0.018994	0.055682	0.0059863	0.0042158	0.042545	0.095448	0.034285
0.19285	0.079018	0.047357	0.091497	0.13049	0.1861	1	0.039627	0.14071	0.001724	0.0028614	0.20614	0.037517	0.07286	0.073746	0.062592	0.14092	0.073313	0.028572	0.075608	0.055941	0.015982	0.12479	0.050486	0.18466	0.048934	0.10576	0.14401	0.00097943	0.038927	0.026719	0.033992	0.059453	0.097592	0.070805
0.076283	0.039488	0.055315	0.045908	0.10019	-0.0539	0.039627	1	0.073136	0.2199	-0.010781	0.1415	0.11871	0.029342	0.053577	0.15427	0.12232	0.06835	0.1812	0.15467	0.18609	0.090908	0.0069763	0.067181	0.058888	0.099075	0.079401	0.048517	0.070578	0.014955	-0.013681	-0.0025244	0.01272	0.091682	0.19505
0.23838	0.054491	0.043513	0.10583	0.13231	0.11638	0.14071	0.073136	1	0.23261	0.054304	0.21113	0.11837	0.1808	0.0628	0.11972	0.26093	0.18641	0.042444	0.14272	0.11665	0.089626	0.089875	0.058862	0.15748	0.11347	0.13719	0.18937	0.086811	0.042481	0.031545	0.00039909	0.02543	0.27516	0.096911
0.15565	-0.0078338	0.030131	0.1169	0.20811	0.042693	0.001724	0.2199	0.23261	1	0.070295	0.068034	0.14728	0.094093	0.072843	0.079214	0.15747	0.097732	0.24146	0.067779	0.12377	0.11606	-0.0068501	0.093923	0.081263	0.19025	0.049111	0.15154	0.049472	0.029248	-0.048021	-0.01323	0.044961	0.16363	0.16311
0.026201	-0.016211	0.020853	0.014165	0.026915	0.00022664	0.0028614	-0.010781	0.054304	0.070295	1	-0.010667	0.0027569	0.0082143	-0.0024623	0.01362	0.041411	0.080511	0.025649	-0.016966	0.01961	0.038191	0.040757	-0.0063161	-0.013049	0.029013	0.031745	0.048726	0.02117	-0.013916	-0.056642	-0.0064314	-0.033195	0.075601	-0.026199
0.18151	0.084173	0.07265	0.11679	0.08308	0.1019	0.20614	0.1415	0.21113	0.068034	-0.010667	1	0.10281	0.1248	0.055233	0.32353	0.16699	0.11667	0.0835	0.42901	0.37406	0.084875	0.14427	0.040635	0.22424	0.087428	0.15151	0.19724	0.1407	0.087541	0.021411	0.031863	0.067255	0.19283	0.13619
0.063359	0.0077351	0.058625	0.081446	0.15395	0.076367	0.037517	0.11871	0.11837	0.14728	0.0027569	0.10281	1	0.097718	0.035527	0.14016	0.097742	0.089989	0.071711	0.090918	0.12842	0.13974	0.058988	0.096152	0.08806	0.11647	0.065195	0.24913	0.056018	0.087043	0.025011	0.035861	0.064697	0.060592	0.12913
0.081959	0.0335	0.01585	0.021247	0.035374	0.05277	0.07286	0.029342	0.1808	0.094093	0.0082143	0.1248	0.097718	1	0.098462	0.10575	0.10069	0.076494	0.045021	0.079265	0.077516	0.063318	0.016838	-0.028048	0.079167	0.08411	0.073776	0.048674	0.011988	0.065573	0.02296	0.011764	0.017568	0.12014	0.044961
0.065503	0.061446	0.013482	0.031437	0.042421	0.042277	0.073746	0.053577	0.0628	0.072843	-0.0024623	0.055233	0.035527	0.098462	1	0.12587	0.055692	0.041669	0.087464	0.074967	0.066074	0.022306	0.025127	0.022363	0.065947	0.077103	0.050981	0.047968	0.052128	0.027192	0.03996	0.037967	0.01902	0.073885	0.045959
0.12509	0.072592	0.11104	0.026155	0.03255	0.046201	0.062592	0.15427	0.11972	0.079214	0.01362	0.32353	0.14016	0.10575	0.12587	1	0.19248	0.10238	0.13797	0.41179	0.38308	0.042521	0.041356	0.049782	0.11537	0.12918	0.14238	0.12655	0.17677	0.093187	0.013227	0.048733	0.015573	0.19712	0.11446
0.16712	0.05319	0.038178	0.054923	0.10452	0.074875	0.14092	0.12232	0.26093	0.15747	0.041411	0.16699	0.097742	0.10069	0.055692	0.19248	1	0.18428	0.12805	0.15659	0.12486	0.048538	0.080103	0.041837	0.16094	0.053081	0.10301	0.12859	0.15084	0.049891	0.017336	0.04888	0.010758	0.32867	0.1034
0.17427	0.021649	0.035243	0.090445	0.0778	0.085962	0.073313	0.06835	0.18641	0.097732	0.080511	0.11667	0.089989	0.076494	0.041669	0.10238	0.18428	1	0.051346	0.068194	0.052088	0.060795	0.043261	0.041721	0.065784	0.052342	0.12508	0.078726	0.017429	-0.0038063	0.028131	0.0016347	0.035105	0.18879	0.033201
0.095572	0.0098871	-0.0073847	0.045926	0.10463	0.069222	0.028572	0.1812	0.042444	0.24146	0.025649	0.0835	0.071711	0.045021	0.087464	0.13797	0.12805	0.051346	1	0.087389	0.13438	0.047481	0.040296	0.032961	0.070154	0.069621	0.033086	0.056776	0.086377	0.010633	-0.022525	-0.0085137	-0.01307	0.14559	0.098931
0.11153	0.046268	0.084322	0.032229	0.04517	0.043816	0.075608	0.15467	0.14272	0.067779	-0.016966	0.42901	0.090918	0.079265	0.074967	0.41179	0.15659	0.068194	0.087389	1	0.43326	0.094168	0.038417	0.037441	0.12206	0.076546	0.12143	0.13189	0.16613	0.046256	0.0043249	0.00076139	-0.006316	0.19152	0.12822
0.076493	0.023774	0.079249	0.020867	0.044481	-0.00033973	0.055941	0.18609	0.11665	0.12377	0.01961	0.37406	0.12842	0.077516	0.066074	0.38308	0.12486	0.052088	0.13438	0.43326	1	0.089419	-0.001567	0.060616	0.079712	0.10728	0.11826	0.1269	0.15435	0.079551	-0.032067	-0.0062504	0.037499	0.17817	0.18353
0.061557	0.025052	0.066824	0.040173	0.11752	0.033874	0.015982	0.090908	0.089626	0.11606	0.038191	0.084875	0.13974	0.063318	0.022306	0.042521	0.048538	0.060795	0.047481	0.094168	0.089419	1	0.01084	0.062704	0.031167	0.098484	0.031722	0.030951	0.0040471	0.03313	-0.038893	-0.013431	0.058492	0.058575	0.093421
0.090063	0.080941	0.094144	0.048514	0.033086	0.073813	0.12479	0.0069763	0.089875	-0.0068501	0.040757	0.14427	0.058988	0.016838	0.025127	0.041356	0.080103	0.043261	0.040296	0.038417	-0.001567	0.01084	1	0.051954	0.13614	0.084182	0.026498	0.030946	-0.010443	0.0073112	0.045001	0.063938	0.040035	0.088004	0.012766
0.010444	-0.0044252	0.097066	0.028152	0.11178	0.049238	0.050486	0.067181	0.058862	0.093923	-0.0063161	0.040635	0.096152	-0.028048	0.022363	0.049782	0.041837	0.041721	0.032961	0.037441	0.060616	0.062704	0.051954	1	0.025058	0.091705	0.023575	0.044314	0.01718	0.023762	-0.033253	-0.039257	0.037178	0.034898	0.14537
0.1303	0.063533	0.046055	0.074229	0.1103	0.1188	0.18466	0.058888	0.15748	0.081263	-0.013049	0.22424	0.08806	0.079167	0.065947	0.11537	0.16094	0.065784	0.070154	0.12206	0.079712	0.031167	0.13614	0.025058	1	0.13189	0.09414	0.099509	0.081144	0.049607	0.068677	0.036823	0.0044486	0.16015	0.069997
0.084292	0.057168	0.038902	0.032016	0.10731	0.035117	0.048934	0.099075	0.11347	0.19025	0.029013	0.087428	0.11647	0.08411	0.077103	0.12918	0.053081	0.052342	0.069621	0.076546	0.10728	0.098484	0.084182	0.091705	0.13189	1	0.046005	0.026699	0.04098	0.0080457	0.031604	0.0013662	0.038402	0.08211	0.10862
0.17073	0.050661	0.014089	0.10652	0.14414	0.061094	0.10576	0.079401	0.13719	0.049111	0.031745	0.15151	0.065195	0.073776	0.050981	0.14238	0.10301	0.12508	0.033086	0.12143	0.11826	0.031722	0.026498	0.023575	0.09414	0.046005	1	0.1509	0.10367	0.023123	0.035329	0.0029111	0.01852	0.11442	0.037579
0.10183	0.041397	0.031189	0.069858	0.16531	0.12488	0.14401	0.048517	0.18937	0.15154	0.048726	0.19724	0.24913	0.048674	0.047968	0.12655	0.12859	0.078726	0.056776	0.13189	0.1269	0.030951	0.030946	0.044314	0.099509	0.026699	0.1509	1	0.1125	0.023884	-0.050714	0.05198	0.036202	0.1199	0.060275
0.052678	0.0098951	0.036313	0.024541	0.051021	-0.018994	0.00097943	0.070578	0.086811	0.049472	0.02117	0.1407	0.056018	0.011988	0.052128	0.17677	0.15084	0.017429	0.086377	0.16613	0.15435	0.0040471	-0.010443	0.01718	0.081144	0.04098	0.10367	0.1125	1	0.025002	-0.0089268	-0.017226	-0.01318	0.14684	0.017404
0.042678	0.010735	0.014525	0.050081	0.026763	0.055682	0.038927	0.014955	0.042481	0.029248	-0.013916	0.087541	0.087043	0.065573	0.027192	0.093187	0.049891	-0.0038063	0.010633	0.046256	0.079551	0.03313	0.0073112	0.023762	0.049607	0.0080457	0.023123	0.023884	0.025002	1	0.045076	0.059119	0.033957	0.056639	-0.0079508
0.0087122	0.015546	-0.0422	0.030933	-0.00586	0.0059863	0.026719	-0.013681	0.031545	-0.048021	-0.056642	0.021411	0.025011	0.02296	0.03996	0.013227	0.017336	0.028131	-0.022525	0.0043249	-0.032067	-0.038893	0.045001	-0.033253	0.068677	0.031604	0.035329	-0.050714	-0.0089268	0.045076	1	0.086196	-0.0023087	0.033257	-0.024258
-0.019561	0.0079125	-0.010632	0.022903	-0.030996	0.0042158	0.033992	-0.0025244	0.00039909	-0.01323	-0.0064314	0.031863	0.035861	0.011764	0.037967	0.048733	0.04888	0.0016347	-0.0085137	0.00076139	-0.0062504	-0.013431	0.063938	-0.039257	0.036823	0.0013662	0.0029111	0.05198	-0.017226	0.059119	0.086196	1	0.012972	0.030843	-0.059939
0.016037	0.037916	0.020377	0.054063	0.057866	0.042545	0.059453	0.01272	0.02543	0.044961	-0.033195	0.067255	0.064697	0.017568	0.01902	0.015573	0.010758	0.035105	-0.01307	-0.006316	0.037499	0.058492	0.040035	0.037178	0.0044486	0.038402	0.01852	0.036202	-0.01318	0.033957	-0.0023087	0.012972	1	0.013247	0.031261
0.2505	0.026106	0.042433	0.10262	0.076017	0.095448	0.097592	0.091682	0.27516	0.16363	0.075601	0.19283	0.060592	0.12014	0.073885	0.19712	0.32867	0.18879	0.14559	0.19152	0.17817	0.058575	0.088004	0.034898	0.16015	0.08211	0.11442	0.1199	0.14684	0.056639	0.033257	0.030843	0.013247	1	0.11822
0.053745	0.047252	0.077169	0.04547	0.11765	0.034285	0.070805	0.19505	0.096911	0.16311	-0.026199	0.13619	0.12913	0.044961	0.045959	0.11446	0.1034	0.033201	0.098931	0.12822	0.18353	0.093421	0.012766	0.14537	0.069997	0.10862	0.037579	0.060275	0.017404	-0.0079508	-0.024258	-0.059939	0.031261	0.11822	1
