1	0.066791	-0.01489	0.14324	0.1176	0.1528	0.1597	0.11884	0.2622	0.15476	-0.057219	0.12315	0.15684	0.057957	0.019476	0.10109	0.21061	0.097734	0.082431	0.090347	0.083409	0.050598	0.11451	0.03028	0.11778	0.068666	0.085495	0.10101	0.079351	0.031711	0.068227	0.045573	0.071017	0.24017	0.040913
0.066791	1	0.063548	-0.0004458	0.036988	0.038752	0.074513	0.042948	0.065091	0.016514	-0.0098508	0.038428	-0.0042784	0.049993	0.027313	0.070275	0.045166	-0.010222	0.0047619	0.09398	0.018547	-0.017194	0.095753	0.072014	0.097235	0.076928	0.053915	0.040653	0.046117	0.02025	0.051118	0.02558	0.0060703	0.027181	0.048856
-0.01489	0.063548	1	0.051407	0.042594	0.046194	0.033771	0.036909	0.0055356	0.028735	0.0016701	0.02443	0.039142	0.043765	0.056073	0.047413	0.028436	0.011043	0.034818	0.050703	0.039017	0.013784	0.081757	0.089505	0.018627	0.043165	-0.0024607	0.041741	0.0090478	0.068677	-0.010552	-0.0087563	0.031454	0.010636	0.096293
0.14324	-0.0004458	0.051407	1	0.13255	0.099696	0.11834	0.10321	0.10715	0.11387	0.038111	0.03806	0.11179	-0.007302	0.010641	0.018562	0.040336	0.0076801	0.051433	0.05056	0.03966	0.064958	0.077202	0.091772	0.079401	0.058506	0.055298	0.062836	0.036203	0.0067304	-0.020102	-0.012624	0.061943	0.036067	0.020945
0.1176	0.036988	0.042594	0.13255	1	0.13664	0.084916	0.12552	0.10379	0.25428	0.0139	0.099752	0.16029	0.038239	0.026683	0.046903	0.067036	0.028886	0.12123	0.0417	0.03787	0.10942	0.099151	0.092351	0.12205	0.096946	0.083079	0.17059	0.027887	0.045523	0.010756	-0.025797	0.14567	0.042386	0.090688
0.1528	0.038752	0.046194	0.099696	0.13664	1	0.17429	0.021027	0.14084	0.089811	0.03835	0.073924	0.12422	0.032528	0.041267	0.039344	0.066171	0.089365	0.047794	0.10465	0.03195	0.010797	0.078244	0.04319	0.098211	0.06247	0.058223	0.11993	0.017836	0.052967	0.017557	0.01455	0.055624	0.071631	0.075126
0.1597	0.074513	0.033771	0.11834	0.084916	0.17429	1	0.054038	0.18453	0.0026094	0.0090932	0.17161	0.11652	0.068509	0.0076096	0.07451	0.13611	0.070196	0.024454	0.091198	0.070054	0.034041	0.16899	0.050174	0.12903	0.070909	0.13056	0.15187	0.05396	0.041559	0.03475	0.0012808	0.053026	0.2009	0.062881
0.11884	0.042948	0.036909	0.10321	0.12552	0.021027	0.054038	1	0.091194	0.19679	0.018461	0.14599	0.12841	0.072493	0.067449	0.13012	0.18429	0.091131	0.15978	0.10899	0.18934	0.081915	0.020263	0.10847	0.10732	0.098914	0.081899	0.077789	0.12698	0.059408	-0.02325	-0.022359	0.036307	0.18301	0.17188
0.2622	0.065091	0.0055356	0.10715	0.10379	0.14084	0.18453	0.091194	1	0.12302	0.02267	0.18115	0.115	0.090314	0.07839	0.14514	0.23088	0.1361	0.080141	0.11982	0.13192	0.035115	0.11223	0.02905	0.14946	0.12302	0.15529	0.18931	0.1129	0.0098558	0.0023265	0.05223	0.035124	0.24288	0.06416
0.15476	0.016514	0.028735	0.11387	0.25428	0.089811	0.0026094	0.19679	0.12302	1	0.014322	0.042727	0.18895	0.00081126	0.071933	0.076437	0.075903	0.042711	0.21884	0.040952	0.054249	0.16505	0.04078	0.10022	0.0857	0.17606	0.065659	0.12875	-0.020097	0.022925	-0.027473	-0.0071731	0.10104	0.0506	0.17211
-0.057219	-0.0098508	0.0016701	0.038111	0.0139	0.03835	0.0090932	0.018461	0.02267	0.014322	1	0.019094	0.044197	0.01147	0.023126	0.034983	-0.016279	0.013209	0.0042704	-0.02505	0.04271	0.031936	0.046586	0.020865	0.06672	0.068674	0.030883	0.0046177	0.0089705	-0.0033124	-0.019123	-0.0038131	0.029716	0.006502	0.048993
0.12315	0.038428	0.02443	0.03806	0.099752	0.073924	0.17161	0.14599	0.18115	0.042727	0.019094	1	0.15619	0.11901	0.15016	0.33613	0.24478	0.10206	0.058589	0.28237	0.36324	0.016881	0.084704	0.073238	0.17463	0.11289	0.16813	0.2441	0.19397	0.017154	0.037364	0.029118	0.062224	0.18161	0.16599
0.15684	-0.0042784	0.039142	0.11179	0.16029	0.12422	0.11652	0.12841	0.115	0.18895	0.044197	0.15619	1	0.05058	0.073672	0.16098	0.0748	0.058339	0.11674	0.10932	0.129	0.092976	0.034355	0.067779	0.067815	0.091219	0.1188	0.23061	0.083939	0.033683	0.035517	0.010899	0.066323	0.097364	0.10191
0.057957	0.049993	0.043765	-0.007302	0.038239	0.032528	0.068509	0.072493	0.090314	0.00081126	0.01147	0.11901	0.05058	1	0.022669	0.13781	0.085169	0.047398	0.024641	0.073391	0.10603	-0.006471	0.060526	0.05063	0.052898	0.04414	0.059906	0.06983	0.056291	0.060585	0.048127	0.050231	0.042885	0.10633	0.085577
0.019476	0.027313	0.056073	0.010641	0.026683	0.041267	0.0076096	0.067449	0.07839	0.071933	0.023126	0.15016	0.073672	0.022669	1	0.13939	0.11352	0.01362	0.04112	0.1138	0.13596	-0.0304	0.033898	0.035428	0.068392	0.10564	0.056641	0.062491	0.071751	0.022436	-0.0044616	0.00026215	0.0064773	0.047759	0.10395
0.10109	0.070275	0.047413	0.018562	0.046903	0.039344	0.07451	0.13012	0.14514	0.076437	0.034983	0.33613	0.16098	0.13781	0.13939	1	0.17799	0.13929	0.10273	0.3469	0.3345	0.032138	0.012624	0.039914	0.14412	0.12722	0.11936	0.1725	0.1757	0.053517	0.053369	0.062772	0.036338	0.18199	0.12291
0.21061	0.045166	0.028436	0.040336	0.067036	0.066171	0.13611	0.18429	0.23088	0.075903	-0.016279	0.24478	0.0748	0.085169	0.11352	0.17799	1	0.12731	0.097525	0.12506	0.1758	0.014472	0.066717	0.082668	0.15033	0.083954	0.13141	0.11942	0.13956	0.028691	0.012215	0.025781	-0.033257	0.35584	0.14168
0.097734	-0.010222	0.011043	0.0076801	0.028886	0.089365	0.070196	0.091131	0.1361	0.042711	0.013209	0.10206	0.058339	0.047398	0.01362	0.13929	0.12731	1	0.090337	0.050653	0.078943	0.035865	0.012501	0.028279	0.10271	0.014497	0.11221	0.088931	0.084423	0.011774	0.036246	-0.016864	0.0079896	0.20574	0.017777
0.082431	0.0047619	0.034818	0.051433	0.12123	0.047794	0.024454	0.15978	0.080141	0.21884	0.0042704	0.058589	0.11674	0.024641	0.04112	0.10273	0.097525	0.090337	1	0.033027	0.090055	0.061122	0.044372	0.033971	0.059576	0.074234	0.082407	0.06761	0.071559	0.048199	-0.043514	-0.01234	0.047834	0.15048	0.08895
0.090347	0.09398	0.050703	0.05056	0.0417	0.10465	0.091198	0.10899	0.11982	0.040952	-0.02505	0.28237	0.10932	0.073391	0.1138	0.3469	0.12506	0.050653	0.033027	1	0.20446	0.00092238	0.064607	0.064184	0.15354	0.10627	0.13134	0.17054	0.1208	0.018463	0.046095	0.048887	-0.012035	0.071954	0.11206
0.083409	0.018547	0.039017	0.03966	0.03787	0.03195	0.070054	0.18934	0.13192	0.054249	0.04271	0.36324	0.129	0.10603	0.13596	0.3345	0.1758	0.078943	0.090055	0.20446	1	0.069742	0.024424	0.036765	0.074689	0.089265	0.1358	0.14021	0.17511	0.036878	-0.0044319	0.010552	0.013196	0.20286	0.16374
0.050598	-0.017194	0.013784	0.064958	0.10942	0.010797	0.034041	0.081915	0.035115	0.16505	0.031936	0.016881	0.092976	-0.006471	-0.0304	0.032138	0.014472	0.035865	0.061122	0.00092238	0.069742	1	0.041569	0.076471	0.03429	0.076866	0.063492	0.082268	0.021774	0.036992	0.02805	-0.050046	0.083754	0.038684	0.06898
0.11451	0.095753	0.081757	0.077202	0.099151	0.078244	0.16899	0.020263	0.11223	0.04078	0.046586	0.084704	0.034355	0.060526	0.033898	0.012624	0.066717	0.012501	0.044372	0.064607	0.024424	0.041569	1	0.099483	0.11029	0.11194	0.033644	0.10507	0.055292	0.096021	0.055723	0.038015	0.042572	0.074306	0.031923
0.03028	0.072014	0.089505	0.091772	0.092351	0.04319	0.050174	0.10847	0.02905	0.10022	0.020865	0.073238	0.067779	0.05063	0.035428	0.039914	0.082668	0.028279	0.033971	0.064184	0.036765	0.076471	0.099483	1	0.10013	0.10977	0.016941	0.041379	0.021218	0.074551	-0.011077	-0.052796	0.062539	0.056199	0.13999
0.11778	0.097235	0.018627	0.079401	0.12205	0.098211	0.12903	0.10732	0.14946	0.0857	0.06672	0.17463	0.067815	0.052898	0.068392	0.14412	0.15033	0.10271	0.059576	0.15354	0.074689	0.03429	0.11029	0.10013	1	0.1269	0.12622	0.11185	0.10631	0.019803	0.0056415	0.017263	0.086443	0.10612	0.071569
0.068666	0.076928	0.043165	0.058506	0.096946	0.06247	0.070909	0.098914	0.12302	0.17606	0.068674	0.11289	0.091219	0.04414	0.10564	0.12722	0.083954	0.014497	0.074234	0.10627	0.089265	0.076866	0.11194	0.10977	0.1269	1	0.055261	0.043571	0.047025	0.024217	-0.015878	-0.024011	0.069629	0.08685	0.15054
0.085495	0.053915	-0.0024607	0.055298	0.083079	0.058223	0.13056	0.081899	0.15529	0.065659	0.030883	0.16813	0.1188	0.059906	0.056641	0.11936	0.13141	0.11221	0.082407	0.13134	0.1358	0.063492	0.033644	0.016941	0.12622	0.055261	1	0.19334	0.12589	0.029911	0.047392	0.00034889	-0.014854	0.14713	0.030324
0.10101	0.040653	0.041741	0.062836	0.17059	0.11993	0.15187	0.077789	0.18931	0.12875	0.0046177	0.2441	0.23061	0.06983	0.062491	0.1725	0.11942	0.088931	0.06761	0.17054	0.14021	0.082268	0.10507	0.041379	0.11185	0.043571	0.19334	1	0.14056	0.026648	0.020279	0.048309	0.068393	0.09635	0.043942
0.079351	0.046117	0.0090478	0.036203	0.027887	0.017836	0.05396	0.12698	0.1129	-0.020097	0.0089705	0.19397	0.083939	0.056291	0.071751	0.1757	0.13956	0.084423	0.071559	0.1208	0.17511	0.021774	0.055292	0.021218	0.10631	0.047025	0.12589	0.14056	1	0.038452	0.026961	0.02971	-0.00021912	0.14348	0.034178
0.031711	0.02025	0.068677	0.0067304	0.045523	0.052967	0.041559	0.059408	0.0098558	0.022925	-0.0033124	0.017154	0.033683	0.060585	0.022436	0.053517	0.028691	0.011774	0.048199	0.018463	0.036878	0.036992	0.096021	0.074551	0.019803	0.024217	0.029911	0.026648	0.038452	1	0.010438	-0.016236	0.033068	-0.0012068	0.034485
0.068227	0.051118	-0.010552	-0.020102	0.010756	0.017557	0.03475	-0.02325	0.0023265	-0.027473	-0.019123	0.037364	0.035517	0.048127	-0.0044616	0.053369	0.012215	0.036246	-0.043514	0.046095	-0.0044319	0.02805	0.055723	-0.011077	0.0056415	-0.015878	0.047392	0.020279	0.026961	0.010438	1	0.12329	-0.0080351	0.030447	-0.042278
0.045573	0.02558	-0.0087563	-0.012624	-0.025797	0.01455	0.0012808	-0.022359	0.05223	-0.0071731	-0.0038131	0.029118	0.010899	0.050231	0.00026215	0.062772	0.025781	-0.016864	-0.01234	0.048887	0.010552	-0.050046	0.038015	-0.052796	0.017263	-0.024011	0.00034889	0.048309	0.02971	-0.016236	0.12329	1	-0.036639	0.00086454	0.012446
0.071017	0.0060703	0.031454	0.061943	0.14567	0.055624	0.053026	0.036307	0.035124	0.10104	0.029716	0.062224	0.066323	0.042885	0.0064773	0.036338	-0.033257	0.0079896	0.047834	-0.012035	0.013196	0.083754	0.042572	0.062539	0.086443	0.069629	-0.014854	0.068393	-0.00021912	0.033068	-0.0080351	-0.036639	1	0.025688	0.031631
0.24017	0.027181	0.010636	0.036067	0.042386	0.071631	0.2009	0.18301	0.24288	0.0506	0.006502	0.18161	0.097364	0.10633	0.047759	0.18199	0.35584	0.20574	0.15048	0.071954	0.20286	0.038684	0.074306	0.056199	0.10612	0.08685	0.14713	0.09635	0.14348	-0.0012068	0.030447	0.00086454	0.025688	1	0.11397
0.040913	0.048856	0.096293	0.020945	0.090688	0.075126	0.062881	0.17188	0.06416	0.17211	0.048993	0.16599	0.10191	0.085577	0.10395	0.12291	0.14168	0.017777	0.08895	0.11206	0.16374	0.06898	0.031923	0.13999	0.071569	0.15054	0.030324	0.043942	0.034178	0.034485	-0.042278	0.012446	0.031631	0.11397	1
