1	0.11369	0.077964	0.1512	0.20328	0.11017	0.23125	0.11678	0.25712	0.23544	0.014856	0.24802	0.12424	0.076207	0.098923	0.14612	0.22734	0.11994	0.15237	0.21749	0.21223	0.054735	0.13622	0.044854	0.19253	0.1464	0.15725	0.12564	0.098258	0.094945	0.051922	0.078093	0.022712	0.29129	0.13307
0.11369	1	0.094055	0.039798	0.068355	0.055963	0.11812	0.060502	0.07898	0.025579	7.3727e-05	0.087271	0.032973	-0.0179	0.019909	-0.0033213	0.05919	0.029401	0.040626	0.054223	0.030498	0.031432	0.11537	0.01805	0.054813	0.050393	0.039561	0.027561	0.042705	0.047029	0.073312	0.048602	0.04266	0.11097	0.1031
0.077964	0.094055	1	0.051539	0.036685	0.037649	0.067722	0.062404	0.082178	0.066067	-0.0031234	0.01949	0.04246	0.067403	0.040798	0.024302	0.045667	-0.0080421	0.06448	0.028351	0.073374	0.019173	0.067014	0.10606	0.098091	0.11322	-0.0045277	-0.009143	0.023717	0.0338	0.01335	0.023295	0.034756	0.033405	0.10778
0.1512	0.039798	0.051539	1	0.12724	0.080077	0.12423	0.090369	0.14205	0.081861	0.026889	0.13397	0.11178	0.09058	0.017843	0.048012	0.14491	0.055891	0.089234	0.14011	0.088067	0.015099	0.07945	0.033226	0.091581	0.099609	0.047897	0.10353	0.041118	0.039206	0.018355	0.040861	0.049554	0.05609	0.051654
0.20328	0.068355	0.036685	0.12724	1	0.10618	0.21049	0.14285	0.12549	0.25364	0.014362	0.13485	0.10894	0.046145	0.082776	0.072759	0.16088	0.046275	0.20489	0.11344	0.12029	0.08224	0.13254	0.1208	0.14202	0.0895	0.047368	0.10533	0.058531	0.072402	0.0064246	-0.007252	0.063302	0.12147	0.11466
0.11017	0.055963	0.037649	0.080077	0.10618	1	0.15997	-0.0706	0.15348	0.083036	0.080008	0.059789	0.071051	0.09451	0.028998	-0.004758	0.092448	0.094457	-0.024345	0.11414	0.086542	0.0704	0.044843	0.01393	0.036169	0.098676	0.042323	0.075593	0.009687	0.02386	0.030438	0.027347	0.021118	0.067889	0.045169
0.23125	0.11812	0.067722	0.12423	0.21049	0.15997	1	0.073721	0.20851	0.14516	0.01605	0.21624	0.064963	0.062086	0.078795	0.12608	0.14113	0.1001	0.062849	0.19209	0.15085	0.065685	0.11109	-0.024427	0.18691	0.1424	0.12456	0.11888	0.087288	0.098534	0.069993	0.044284	0.032715	0.13942	0.1062
0.11678	0.060502	0.062404	0.090369	0.14285	-0.0706	0.073721	1	-0.014081	0.17956	0.064522	0.1191	0.12416	0.061114	0.075323	0.14376	0.12882	0.022706	0.16761	0.15083	0.17135	0.075335	0.069316	0.13042	0.080125	0.088964	0.04827	0.043356	0.091937	0.02827	0.0058869	0.0052783	0.016293	0.098466	0.20922
0.25712	0.07898	0.082178	0.14205	0.12549	0.15348	0.20851	-0.014081	1	0.1863	0.014841	0.2667	0.10905	0.1225	0.055963	0.096302	0.24299	0.15002	-0.0099172	0.1603	0.14191	0.018347	0.14137	-0.012644	0.17883	0.10726	0.18015	0.2083	0.07719	0.011957	0.039323	0.028905	0.013011	0.20963	0.076478
0.23544	0.025579	0.066067	0.081861	0.25364	0.083036	0.14516	0.17956	0.1863	1	0.00080767	0.1354	0.15308	0.063034	0.12181	0.091682	0.1711	0.063167	0.30984	0.11691	0.22138	0.14042	0.051446	0.10033	0.053407	0.17735	0.032512	0.08293	0.057394	0.015869	-0.025588	-0.030013	0.038602	0.13402	0.2162
0.014856	7.3727e-05	-0.0031234	0.026889	0.014362	0.080008	0.01605	0.064522	0.014841	0.00080767	1	0.054169	0.056166	0.060634	0.051525	0.07689	0.023999	0.10336	-0.050503	0.074286	0.054177	0.0046406	0.041618	0.045382	0.048928	0.027263	0.063104	0.078655	0.023892	0.0054643	0.024572	0.0060905	0.075665	0.027853	0.038149
0.24802	0.087271	0.01949	0.13397	0.13485	0.059789	0.21624	0.1191	0.2667	0.1354	0.054169	1	0.18051	0.11097	0.08204	0.22775	0.19289	0.088023	0.031417	0.2983	0.21617	0.097163	0.076221	0.037044	0.17956	0.08149	0.19784	0.24404	0.12885	0.069594	0.056229	0.070465	0.04916	0.10054	0.11525
0.12424	0.032973	0.04246	0.11178	0.10894	0.071051	0.064963	0.12416	0.10905	0.15308	0.056166	0.18051	1	0.14712	0.063209	0.11404	0.10823	0.10741	0.094331	0.1942	0.15042	0.053823	0.0093731	0.035163	0.1669	0.069362	0.1219	0.22764	0.086364	0.034064	0.028532	-0.005548	0.062919	0.057143	0.15489
0.076207	-0.0179	0.067403	0.09058	0.046145	0.09451	0.062086	0.061114	0.1225	0.063034	0.060634	0.11097	0.14712	1	0.071247	0.058556	0.089067	0.044603	0.0386	0.069347	0.10133	0.056032	0.003388	0.0061504	0.07879	0.032432	0.10293	0.11473	0.082762	0.061422	0.018215	0.040545	0.066564	0.088162	0.06149
0.098923	0.019909	0.040798	0.017843	0.082776	0.028998	0.078795	0.075323	0.055963	0.12181	0.051525	0.08204	0.063209	0.071247	1	0.11745	0.078134	-0.018901	0.12741	0.096928	0.11433	0.035487	0.0097722	0.05529	0.056348	0.083633	0.080331	0.058903	0.075165	0.041188	0.016451	0.014215	-0.0053956	0.055129	0.11697
0.14612	-0.0033213	0.024302	0.048012	0.072759	-0.004758	0.12608	0.14376	0.096302	0.091682	0.07689	0.22775	0.11404	0.058556	0.11745	1	0.13254	0.05755	0.096924	0.25219	0.13116	0.045408	0.056665	0.03761	0.11995	0.014628	0.07481	0.10791	0.12852	0.036515	0.11708	0.09587	0.047738	0.11619	0.072747
0.22734	0.05919	0.045667	0.14491	0.16088	0.092448	0.14113	0.12882	0.24299	0.1711	0.023999	0.19289	0.10823	0.089067	0.078134	0.13254	1	0.18847	0.13166	0.15097	0.15922	0.03702	0.083327	0.063032	0.12393	0.037189	0.13085	0.13657	0.093858	0.048672	0.033236	0.021506	-0.035535	0.34882	0.14611
0.11994	0.029401	-0.0080421	0.055891	0.046275	0.094457	0.1001	0.022706	0.15002	0.063167	0.10336	0.088023	0.10741	0.044603	-0.018901	0.05755	0.18847	1	-0.022512	0.060091	0.059571	0.040792	0.022697	0.022388	0.099887	0.058908	0.11936	0.15398	0.048614	0.014124	0.02627	-0.026186	-0.011893	0.19118	0.017826
0.15237	0.040626	0.06448	0.089234	0.20489	-0.024345	0.062849	0.16761	-0.0099172	0.30984	-0.050503	0.031417	0.094331	0.0386	0.12741	0.096924	0.13166	-0.022512	1	0.072679	0.12019	0.033234	0.073007	0.047261	0.019491	0.091656	0.0060389	-0.012537	0.063444	0.022198	-0.016457	-0.020862	0.0048944	0.11908	0.092442
0.21749	0.054223	0.028351	0.14011	0.11344	0.11414	0.19209	0.15083	0.1603	0.11691	0.074286	0.2983	0.1942	0.069347	0.096928	0.25219	0.15097	0.060091	0.072679	1	0.34755	0.034219	0.053615	0.069303	0.14167	0.10737	0.12253	0.13947	0.1154	0.02049	0.056619	0.038537	0.012433	0.12297	0.19508
0.21223	0.030498	0.073374	0.088067	0.12029	0.086542	0.15085	0.17135	0.14191	0.22138	0.054177	0.21617	0.15042	0.10133	0.11433	0.13116	0.15922	0.059571	0.12019	0.34755	1	0.051811	0.025084	0.1045	0.16454	0.20173	0.08883	0.10378	0.09179	0.031438	0.021803	0.0096567	0.015006	0.096843	0.27422
0.054735	0.031432	0.019173	0.015099	0.08224	0.0704	0.065685	0.075335	0.018347	0.14042	0.0046406	0.097163	0.053823	0.056032	0.035487	0.045408	0.03702	0.040792	0.033234	0.034219	0.051811	1	0.0081944	0.048187	0.032272	0.054426	0.017741	0.086449	0.0051375	0.018637	0.02617	0.0050933	0.053811	0.043106	0.031667
0.13622	0.11537	0.067014	0.07945	0.13254	0.044843	0.11109	0.069316	0.14137	0.051446	0.041618	0.076221	0.0093731	0.003388	0.0097722	0.056665	0.083327	0.022697	0.073007	0.053615	0.025084	0.0081944	1	0.089508	0.06653	0.055217	0.016755	0.065398	0.005845	0.044658	0.012172	-0.019246	0.064091	0.1068	0.067018
0.044854	0.01805	0.10606	0.033226	0.1208	0.01393	-0.024427	0.13042	-0.012644	0.10033	0.045382	0.037044	0.035163	0.0061504	0.05529	0.03761	0.063032	0.022388	0.047261	0.069303	0.1045	0.048187	0.089508	1	0.079971	0.077431	0.0098207	0.084022	0.0040928	0.052464	-0.010306	-0.062466	0.058354	0.051372	0.1433
0.19253	0.054813	0.098091	0.091581	0.14202	0.036169	0.18691	0.080125	0.17883	0.053407	0.048928	0.17956	0.1669	0.07879	0.056348	0.11995	0.12393	0.099887	0.019491	0.14167	0.16454	0.032272	0.06653	0.079971	1	0.1053	0.12892	0.12789	0.0706	0.027599	-0.0020639	0.021376	-0.018598	0.1679	0.12472
0.1464	0.050393	0.11322	0.099609	0.0895	0.098676	0.1424	0.088964	0.10726	0.17735	0.027263	0.08149	0.069362	0.032432	0.083633	0.014628	0.037189	0.058908	0.091656	0.10737	0.20173	0.054426	0.055217	0.077431	0.1053	1	0.037641	0.031313	0.024363	0.025323	0.023274	-0.0041607	0.040168	0.032762	0.18823
0.15725	0.039561	-0.0045277	0.047897	0.047368	0.042323	0.12456	0.04827	0.18015	0.032512	0.063104	0.19784	0.1219	0.10293	0.080331	0.07481	0.13085	0.11936	0.0060389	0.12253	0.08883	0.017741	0.016755	0.0098207	0.12892	0.037641	1	0.19186	0.056067	0.072524	0.061279	0.039274	-0.029351	0.1681	0.042574
0.12564	0.027561	-0.009143	0.10353	0.10533	0.075593	0.11888	0.043356	0.2083	0.08293	0.078655	0.24404	0.22764	0.11473	0.058903	0.10791	0.13657	0.15398	-0.012537	0.13947	0.10378	0.086449	0.065398	0.084022	0.12789	0.031313	0.19186	1	0.098407	0.029995	0.064494	0.05873	0.02525	0.1535	0.0205
0.098258	0.042705	0.023717	0.041118	0.058531	0.009687	0.087288	0.091937	0.07719	0.057394	0.023892	0.12885	0.086364	0.082762	0.075165	0.12852	0.093858	0.048614	0.063444	0.1154	0.09179	0.0051375	0.005845	0.0040928	0.0706	0.024363	0.056067	0.098407	1	-0.010564	-0.015488	0.01297	-0.026991	0.11634	0.071363
0.094945	0.047029	0.0338	0.039206	0.072402	0.02386	0.098534	0.02827	0.011957	0.015869	0.0054643	0.069594	0.034064	0.061422	0.041188	0.036515	0.048672	0.014124	0.022198	0.02049	0.031438	0.018637	0.044658	0.052464	0.027599	0.025323	0.072524	0.029995	-0.010564	1	0.027928	0.012291	0.083296	0.076797	0.021992
0.051922	0.073312	0.01335	0.018355	0.0064246	0.030438	0.069993	0.0058869	0.039323	-0.025588	0.024572	0.056229	0.028532	0.018215	0.016451	0.11708	0.033236	0.02627	-0.016457	0.056619	0.021803	0.02617	0.012172	-0.010306	-0.0020639	0.023274	0.061279	0.064494	-0.015488	0.027928	1	0.12887	0.014563	0.030131	-0.003109
0.078093	0.048602	0.023295	0.040861	-0.007252	0.027347	0.044284	0.0052783	0.028905	-0.030013	0.0060905	0.070465	-0.005548	0.040545	0.014215	0.09587	0.021506	-0.026186	-0.020862	0.038537	0.0096567	0.0050933	-0.019246	-0.062466	0.021376	-0.0041607	0.039274	0.05873	0.01297	0.012291	0.12887	1	-0.0040725	0.069207	-0.065523
0.022712	0.04266	0.034756	0.049554	0.063302	0.021118	0.032715	0.016293	0.013011	0.038602	0.075665	0.04916	0.062919	0.066564	-0.0053956	0.047738	-0.035535	-0.011893	0.0048944	0.012433	0.015006	0.053811	0.064091	0.058354	-0.018598	0.040168	-0.029351	0.02525	-0.026991	0.083296	0.014563	-0.0040725	1	0.0092254	0.026985
0.29129	0.11097	0.033405	0.05609	0.12147	0.067889	0.13942	0.098466	0.20963	0.13402	0.027853	0.10054	0.057143	0.088162	0.055129	0.11619	0.34882	0.19118	0.11908	0.12297	0.096843	0.043106	0.1068	0.051372	0.1679	0.032762	0.1681	0.1535	0.11634	0.076797	0.030131	0.069207	0.0092254	1	0.1241
0.13307	0.1031	0.10778	0.051654	0.11466	0.045169	0.1062	0.20922	0.076478	0.2162	0.038149	0.11525	0.15489	0.06149	0.11697	0.072747	0.14611	0.017826	0.092442	0.19508	0.27422	0.031667	0.067018	0.1433	0.12472	0.18823	0.042574	0.0205	0.071363	0.021992	-0.003109	-0.065523	0.026985	0.1241	1
