1	0.049389	0.082109	0.17398	0.11032	0.072808	0.11793	0.044284	0.21736	0.17929	0.094762	0.24572	0.14842	0.10369	0.063367	0.19372	0.26653	0.096179	0.051842	0.20872	0.19628	0.14413	0.13805	0.11838	0.19214	0.22953	0.027585	0.18105	0.17072	0.080881	0.034304	-0.017333	0.039937	0.26643	0.16769
0.049389	1	0.1272	-0.042746	-0.050548	-0.0023612	0.10631	-0.005883	0.073147	-0.021841	0.097232	0.11582	-0.0091587	0.024183	0.049805	0.056556	0.10852	0.057874	-0.019756	0.074294	0.063454	0.061282	0.14769	0.09716	0.11443	0.013928	0.0069551	-0.01016	0.030975	0.012036	0.068307	0.0039244	0.0031262	0.075128	0.052445
0.082109	0.1272	1	0.059309	-0.0013268	0.038655	0.093015	0.084228	0.049475	0.057304	0.037968	0.083535	0.04552	0.090782	0.061045	0.10239	0.12876	0.070675	0.022123	0.089197	0.13762	0.059325	0.11129	0.15042	0.11117	0.10038	0.019825	0.032449	0.065431	0.078839	0.019401	-0.014986	0.021536	0.073373	0.1188
0.17398	-0.042746	0.059309	1	0.20774	0.1306	0.11141	0.0983	0.13529	0.2316	0.074998	0.07647	0.14074	0.015197	-0.011946	0.064733	0.088414	0.10825	0.12498	0.071346	0.028383	0.16687	0.031514	0.019354	0.16567	0.10794	0.056417	0.16225	0.083254	0.052965	-0.014391	0.027561	0.084734	0.053625	0.037752
0.11032	-0.050548	-0.0013268	0.20774	1	0.16143	0.02139	0.20999	0.07797	0.35885	0.014131	0.011121	0.22136	0.017298	0.017478	0.03975	-0.027436	-0.012659	0.1815	0.059521	0.057192	0.12768	-0.011367	0.073101	0.089803	0.083807	0.11021	0.24175	0.017812	0.078221	-0.061666	0.036597	0.088506	-0.046843	0.10919
0.072808	-0.0023612	0.038655	0.1306	0.16143	1	0.21598	0.016978	0.055331	0.13597	0.024831	0.076133	0.15834	0.063879	0.0011922	0.10138	0.034236	0.079693	0.1136	0.064544	0.075455	0.06717	0.029093	0.11494	0.1214	0.064338	0.0721	0.15211	0.019177	0.0018381	-0.031932	-0.028952	0.058153	0.031786	0.1318
0.11793	0.10631	0.093015	0.11141	0.02139	0.21598	1	0.058049	0.11271	0.073914	0.052976	0.17127	0.083381	0.075449	-0.016041	0.080319	0.14724	0.077665	0.061807	0.12686	0.12927	0.085636	0.15534	0.13901	0.13178	0.052405	0.083806	0.073415	0.059647	0.016917	-0.022726	0.015861	0.025136	0.12546	0.12395
0.044284	-0.005883	0.084228	0.0983	0.20999	0.016978	0.058049	1	0.058723	0.2739	0.056045	-0.028434	0.09382	0.027981	0.011939	0.031921	0.045691	0.051094	0.23875	-0.028738	0.055347	-0.0061147	-0.011788	0.09681	0.033966	0.088832	0.013325	0.026053	0.063201	0.032612	-0.01892	0.038867	0.027701	0.060731	0.17327
0.21736	0.073147	0.049475	0.13529	0.07797	0.055331	0.11271	0.058723	1	0.21529	0.060417	0.16428	0.082634	0.087526	-0.030654	0.034214	0.21946	0.18228	0.060358	0.073879	0.075152	0.17319	0.05797	0.065112	0.22531	0.14395	0.11642	0.13123	0.12979	0.062514	0.057264	0.054316	0.096696	0.1649	0.084747
0.17929	-0.021841	0.057304	0.2316	0.35885	0.13597	0.073914	0.2739	0.21529	1	0.043378	0.035792	0.22774	0.070543	0.034949	0.085711	0.031574	0.034872	0.27799	0.027311	0.071297	0.10496	0.02004	0.10598	0.11258	0.21749	0.069551	0.22422	0.060445	0.089843	0.010969	0.1013	0.1254	0.00747	0.14403
0.094762	0.097232	0.037968	0.074998	0.014131	0.024831	0.052976	0.056045	0.060417	0.043378	1	0.10337	0.06215	0.027584	0.047805	0.070987	0.1223	0.058177	0.02789	0.072248	0.079771	0.084396	0.076373	0.072531	0.080941	0.050267	0.082312	0.11388	0.11121	0.059205	0.068749	0.00057059	0.018979	0.106	0.042894
0.24572	0.11582	0.083535	0.07647	0.011121	0.076133	0.17127	-0.028434	0.16428	0.035792	0.10337	1	0.12695	0.094616	0.026167	0.23742	0.20304	0.084804	0.041492	0.41536	0.39285	0.15599	0.14887	0.094887	0.22081	0.12699	0.17948	0.21703	0.16137	0.057292	0.11091	-0.014446	-0.0010153	0.1942	0.10026
0.14842	-0.0091587	0.04552	0.14074	0.22136	0.15834	0.083381	0.09382	0.082634	0.22774	0.06215	0.12695	1	0.062596	0.067171	0.16772	0.086446	0.022518	0.18425	0.094993	0.15574	0.13157	0.029481	0.087904	0.16369	0.14542	0.16077	0.31216	0.080465	0.083391	0.093814	0.066593	0.060838	0.078423	0.18865
0.10369	0.024183	0.090782	0.015197	0.017298	0.063879	0.075449	0.027981	0.087526	0.070543	0.027584	0.094616	0.062596	1	0.091514	0.1017	0.14977	0.041803	0.036212	0.062896	0.10781	0.055969	0.059335	0.063985	0.065162	0.06061	0.08225	0.078132	0.099798	0.05952	0.013441	0.002941	0.062875	0.13311	0.1254
0.063367	0.049805	0.061045	-0.011946	0.017478	0.0011922	-0.016041	0.011939	-0.030654	0.034949	0.047805	0.026167	0.067171	0.091514	1	0.059096	0.045423	7.1038e-05	0.01281	0.013139	0.042895	0.04194	0.021755	0.036872	0.015472	0.055284	0.066514	0.064292	0.041739	0.022059	0.076955	-0.046899	-0.02876	0.057504	0.053088
0.19372	0.056556	0.10239	0.064733	0.03975	0.10138	0.080319	0.031921	0.034214	0.085711	0.070987	0.23742	0.16772	0.1017	0.059096	1	0.16705	0.08015	0.089622	0.30047	0.27921	0.02304	0.041117	0.060973	0.12661	0.055419	0.08676	0.14854	0.11662	0.039897	0.097307	0.051387	-0.028346	0.17879	0.089995
0.26653	0.10852	0.12876	0.088414	-0.027436	0.034236	0.14724	0.045691	0.21946	0.031574	0.1223	0.20304	0.086446	0.14977	0.045423	0.16705	1	0.18932	0.10456	0.17471	0.23999	0.076409	0.13824	0.091167	0.18155	0.08434	0.096817	0.1439	0.1544	0.070951	0.044497	0.014868	0.0084748	0.44298	0.10665
0.096179	0.057874	0.070675	0.10825	-0.012659	0.079693	0.077665	0.051094	0.18228	0.034872	0.058177	0.084804	0.022518	0.041803	7.1038e-05	0.08015	0.18932	1	0.074189	0.068055	0.11199	0.063841	0.020475	0.047746	0.074239	0.033178	0.11528	0.082183	0.094865	-0.01687	0.030273	-0.035562	0.028258	0.21118	0.038701
0.051842	-0.019756	0.022123	0.12498	0.1815	0.1136	0.061807	0.23875	0.060358	0.27799	0.02789	0.041492	0.18425	0.036212	0.01281	0.089622	0.10456	0.074189	1	0.011065	0.14647	0.02799	-0.014681	0.072524	0.13162	0.07418	0.070686	0.19089	0.063675	0.10908	0.022102	0.067401	0.037315	0.14463	0.16468
0.20872	0.074294	0.089197	0.071346	0.059521	0.064544	0.12686	-0.028738	0.073879	0.027311	0.072248	0.41536	0.094993	0.062896	0.013139	0.30047	0.17471	0.068055	0.011065	1	0.44554	0.10087	0.082336	0.070606	0.10376	0.1397	0.099374	0.16458	0.15215	0.051165	0.040149	-0.042635	0.0021816	0.12968	0.060988
0.19628	0.063454	0.13762	0.028383	0.057192	0.075455	0.12927	0.055347	0.075152	0.071297	0.079771	0.39285	0.15574	0.10781	0.042895	0.27921	0.23999	0.11199	0.14647	0.44554	1	0.033175	0.11333	0.11229	0.13997	0.13304	0.096011	0.14824	0.17783	0.11024	0.069403	-0.00055022	-0.00072787	0.24277	0.19514
0.14413	0.061282	0.059325	0.16687	0.12768	0.06717	0.085636	-0.0061147	0.17319	0.10496	0.084396	0.15599	0.13157	0.055969	0.04194	0.02304	0.076409	0.063841	0.02799	0.10087	0.033175	1	0.091702	0.0067799	0.13785	0.11312	0.063337	0.093926	0.069375	0.04756	0.013985	0.023373	0.13202	0.028441	0.026924
0.13805	0.14769	0.11129	0.031514	-0.011367	0.029093	0.15534	-0.011788	0.05797	0.02004	0.076373	0.14887	0.029481	0.059335	0.021755	0.041117	0.13824	0.020475	-0.014681	0.082336	0.11333	0.091702	1	0.18618	0.1723	0.091115	0.036849	0.055928	0.051746	0.091027	0.060586	0.043707	0.045655	0.11331	0.055229
0.11838	0.09716	0.15042	0.019354	0.073101	0.11494	0.13901	0.09681	0.065112	0.10598	0.072531	0.094887	0.087904	0.063985	0.036872	0.060973	0.091167	0.047746	0.072524	0.070606	0.11229	0.0067799	0.18618	1	0.17045	0.13836	0.059634	0.059811	0.028977	0.09055	-0.017607	0.011687	0.039998	0.040982	0.15967
0.19214	0.11443	0.11117	0.16567	0.089803	0.1214	0.13178	0.033966	0.22531	0.11258	0.080941	0.22081	0.16369	0.065162	0.015472	0.12661	0.18155	0.074239	0.13162	0.10376	0.13997	0.13785	0.1723	0.17045	1	0.10212	0.13886	0.2541	0.12631	0.097367	0.054858	0.03303	0.036586	0.14574	0.11769
0.22953	0.013928	0.10038	0.10794	0.083807	0.064338	0.052405	0.088832	0.14395	0.21749	0.050267	0.12699	0.14542	0.06061	0.055284	0.055419	0.08434	0.033178	0.07418	0.1397	0.13304	0.11312	0.091115	0.13836	0.10212	1	-0.0016207	0.070305	0.070605	0.0267	0.067341	-0.041788	0.076295	0.015777	0.13438
0.027585	0.0069551	0.019825	0.056417	0.11021	0.0721	0.083806	0.013325	0.11642	0.069551	0.082312	0.17948	0.16077	0.08225	0.066514	0.08676	0.096817	0.11528	0.070686	0.099374	0.096011	0.063337	0.036849	0.059634	0.13886	-0.0016207	1	0.23484	0.11559	0.069436	0.083455	0.061152	0.040799	0.1393	0.085666
0.18105	-0.01016	0.032449	0.16225	0.24175	0.15211	0.073415	0.026053	0.13123	0.22422	0.11388	0.21703	0.31216	0.078132	0.064292	0.14854	0.1439	0.082183	0.19089	0.16458	0.14824	0.093926	0.055928	0.059811	0.2541	0.070305	0.23484	1	0.12091	0.074188	0.089668	0.086392	0.086209	0.079693	0.1076
0.17072	0.030975	0.065431	0.083254	0.017812	0.019177	0.059647	0.063201	0.12979	0.060445	0.11121	0.16137	0.080465	0.099798	0.041739	0.11662	0.1544	0.094865	0.063675	0.15215	0.17783	0.069375	0.051746	0.028977	0.12631	0.070605	0.11559	0.12091	1	0.046216	0.078234	0.0076763	0.013688	0.1789	0.099273
0.080881	0.012036	0.078839	0.052965	0.078221	0.0018381	0.016917	0.032612	0.062514	0.089843	0.059205	0.057292	0.083391	0.05952	0.022059	0.039897	0.070951	-0.01687	0.10908	0.051165	0.11024	0.04756	0.091027	0.09055	0.097367	0.0267	0.069436	0.074188	0.046216	1	0.088112	0.064472	0.073924	0.0077539	0.094118
0.034304	0.068307	0.019401	-0.014391	-0.061666	-0.031932	-0.022726	-0.01892	0.057264	0.010969	0.068749	0.11091	0.093814	0.013441	0.076955	0.097307	0.044497	0.030273	0.022102	0.040149	0.069403	0.013985	0.060586	-0.017607	0.054858	0.067341	0.083455	0.089668	0.078234	0.088112	1	0.076634	-0.017216	0.09628	0.055541
-0.017333	0.0039244	-0.014986	0.027561	0.036597	-0.028952	0.015861	0.038867	0.054316	0.1013	0.00057059	-0.014446	0.066593	0.002941	-0.046899	0.051387	0.014868	-0.035562	0.067401	-0.042635	-0.00055022	0.023373	0.043707	0.011687	0.03303	-0.041788	0.061152	0.086392	0.0076763	0.064472	0.076634	1	0.0097499	0.013485	0.015073
0.039937	0.0031262	0.021536	0.084734	0.088506	0.058153	0.025136	0.027701	0.096696	0.1254	0.018979	-0.0010153	0.060838	0.062875	-0.02876	-0.028346	0.0084748	0.028258	0.037315	0.0021816	-0.00072787	0.13202	0.045655	0.039998	0.036586	0.076295	0.040799	0.086209	0.013688	0.073924	-0.017216	0.0097499	1	-0.01579	0.0017881
0.26643	0.075128	0.073373	0.053625	-0.046843	0.031786	0.12546	0.060731	0.1649	0.00747	0.106	0.1942	0.078423	0.13311	0.057504	0.17879	0.44298	0.21118	0.14463	0.12968	0.24277	0.028441	0.11331	0.040982	0.14574	0.015777	0.1393	0.079693	0.1789	0.0077539	0.09628	0.013485	-0.01579	1	0.1546
0.16769	0.052445	0.1188	0.037752	0.10919	0.1318	0.12395	0.17327	0.084747	0.14403	0.042894	0.10026	0.18865	0.1254	0.053088	0.089995	0.10665	0.038701	0.16468	0.060988	0.19514	0.026924	0.055229	0.15967	0.11769	0.13438	0.085666	0.1076	0.099273	0.094118	0.055541	0.015073	0.0017881	0.1546	1
