1	0.090885	0.059966	0.10342	0.065108	0.10382	0.16195	0.10833	0.24463	0.1847	0.1079	0.14911	0.029558	0.10524	0.026427	0.096657	0.23707	0.10494	0.14769	0.12518	0.094446	0.077805	0.10129	0.055067	0.12954	0.060808	0.11173	0.094503	0.093766	0.011121	0.040986	-0.024358	0.055753	0.26861	0.1632
0.090885	1	0.10108	0.04916	0.069334	0.061507	0.041667	0.084937	0.054692	0.057915	0.076614	0.12321	0.025534	0.045945	0.029871	0.031402	0.050106	0.063048	0.032914	0.10835	0.10548	0.037049	0.060154	0.016204	0.11788	0.073582	0.049723	0.047105	0.067079	0.032807	0.057223	0.011136	0.023645	0.050575	0.050578
0.059966	0.10108	1	-0.0038918	0.12438	0.10647	0.06603	0.055371	0.022769	0.07056	0.031714	0.056554	0.048277	0.056938	0.027224	0.0029748	-0.00043157	-0.0019642	-0.013884	0.0010514	0.083955	0.028211	0.061604	0.093036	0.073505	0.048103	0.017001	0.053667	0.048179	0.02256	-0.037083	-0.0027472	0.054666	0.018745	0.10162
0.10342	0.04916	-0.0038918	1	0.12082	0.13515	0.19927	0.056663	0.0925	0.046956	0.075874	0.15394	0.11512	0.0044259	0.026738	0.053793	0.043207	0.084365	0.02215	0.090314	0.097794	0.10677	0.094742	0.075056	0.11697	0.11584	0.058299	0.13055	0.051119	0.034866	-0.010405	0.027122	0.038358	0.093434	0.059664
0.065108	0.069334	0.12438	0.12082	1	0.12913	0.10387	0.25554	0.12466	0.23447	0.035347	0.10591	0.17284	0.023604	0.074907	0.034558	0.0068337	-0.024367	0.18308	0.034173	0.16507	0.039451	0.054967	0.10668	0.12367	0.10396	0.11819	0.10021	0.01855	0.066009	-0.016163	-0.010088	0.13993	0.040163	0.17989
0.10382	0.061507	0.10647	0.13515	0.12913	1	0.31622	0.087428	0.093959	0.090246	0.053529	0.075902	0.096699	0.041102	0.046925	-0.0050143	0.083691	0.11051	0.094743	0.0041019	0.14726	0.10922	0.058801	0.085945	0.083285	0.12002	0.059138	0.081369	0.007134	0.0018015	-0.025915	-0.019053	0.033405	0.081793	0.11788
0.16195	0.041667	0.06603	0.19927	0.10387	0.31622	1	0.038237	0.17031	0.091672	0.046772	0.19679	0.036918	0.046137	0.024926	0.026392	0.1446	0.16316	0.045331	0.109	0.1602	0.16902	0.12186	0.094316	0.18109	0.092956	0.096081	0.14044	0.037286	-0.0026253	-0.028306	-0.040962	0.10777	0.13333	0.12998
0.10833	0.084937	0.055371	0.056663	0.25554	0.087428	0.038237	1	0.073067	0.25677	0.013137	0.058496	0.082139	0.07642	0.087304	0.065168	0.086215	0.02073	0.23693	0.086608	0.10563	0.027113	0.03162	0.078233	0.064572	0.12854	0.076429	0.014759	0.044068	0.036166	0.032073	-0.056766	0.083337	0.14005	0.17448
0.24463	0.054692	0.022769	0.0925	0.12466	0.093959	0.17031	0.073067	1	0.18162	0.052562	0.29373	0.017129	0.064332	-0.025782	0.10153	0.25608	0.17307	0.030853	0.16501	0.075183	0.12753	0.080388	0.034848	0.1813	0.096719	0.17521	0.17192	0.1424	-0.00073	0.041036	-0.022984	0.08251	0.26959	0.10796
0.1847	0.057915	0.07056	0.046956	0.23447	0.090246	0.091672	0.25677	0.18162	1	0.055015	0.073535	0.067829	0.055492	0.081969	0.087607	0.14735	0.047553	0.2604	0.10327	0.09467	0.046503	0.057482	0.095544	0.097915	0.11724	0.087528	0.083486	0.065737	0.040503	-0.019665	-0.044904	0.093815	0.20287	0.16363
0.1079	0.076614	0.031714	0.075874	0.035347	0.053529	0.046772	0.013137	0.052562	0.055015	1	0.071804	0.016224	0.046892	0.03879	0.051753	0.063638	0.028	-0.0077302	0.090621	0.097312	0.051063	0.062886	0.040528	0.11475	0.026519	0.044376	0.083062	0.081025	0.002507	0.017208	-0.0076147	0.088472	0.053282	0.014516
0.14911	0.12321	0.056554	0.15394	0.10591	0.075902	0.19679	0.058496	0.29373	0.073535	0.071804	1	0.13281	0.060644	0.015659	0.16729	0.15775	0.17314	0.015528	0.27068	0.25328	0.14309	0.10075	0.048225	0.24018	0.086381	0.18275	0.23094	0.085972	0.019857	0.056506	-0.0040676	0.054292	0.17496	0.071283
0.029558	0.025534	0.048277	0.11512	0.17284	0.096699	0.036918	0.082139	0.017129	0.067829	0.016224	0.13281	1	0.045033	0.047246	0.096869	0.012566	-0.0086905	0.11944	0.068895	0.15659	0.030636	0.063433	0.10651	0.096152	0.060368	0.084518	0.23874	0.029876	0.025027	0.0081023	0.0057487	0.11236	0.014461	0.035916
0.10524	0.045945	0.056938	0.0044259	0.023604	0.041102	0.046137	0.07642	0.064332	0.055492	0.046892	0.060644	0.045033	1	0.10281	0.10775	0.094878	0.045444	0.064531	0.068225	0.059948	0.050111	0.043394	0.084009	0.10518	0.026859	0.066464	0.037135	0.064976	0.049762	0.01448	0.017686	0.042964	0.15522	0.062743
0.026427	0.029871	0.027224	0.026738	0.074907	0.046925	0.024926	0.087304	-0.025782	0.081969	0.03879	0.015659	0.047246	0.10281	1	0.019887	0.019286	0.027314	0.10241	0.019082	0.020115	-0.038865	0.0022364	0.0091292	0.056037	0.006556	0.10396	0.056635	0.020104	-0.0016592	-0.0085666	-0.06351	0.017057	0.053459	0.049293
0.096657	0.031402	0.0029748	0.053793	0.034558	-0.0050143	0.026392	0.065168	0.10153	0.087607	0.051753	0.16729	0.096869	0.10775	0.019887	1	0.22897	0.052343	0.089066	0.31852	0.14015	0.048238	0.060122	0.033296	0.076023	0.0078651	0.082589	0.1464	0.14411	0.046289	0.036558	0.025151	0.061722	0.19289	0.0080069
0.23707	0.050106	-0.00043157	0.043207	0.0068337	0.083691	0.1446	0.086215	0.25608	0.14735	0.063638	0.15775	0.012566	0.094878	0.019286	0.22897	1	0.18212	0.079619	0.1583	0.073899	0.046696	0.060494	0.052125	0.11671	0.021836	0.11762	0.088656	0.16536	0.014204	0.045777	-0.071488	0.027754	0.42366	0.09529
0.10494	0.063048	-0.0019642	0.084365	-0.024367	0.11051	0.16316	0.02073	0.17307	0.047553	0.028	0.17314	-0.0086905	0.045444	0.027314	0.052343	0.18212	1	0.011346	0.12901	0.075146	0.085317	0.045723	-0.0070462	0.12154	0.065789	0.15589	0.13131	0.088806	-0.020391	0.022546	-0.01092	0.027178	0.13892	0.050921
0.14769	0.032914	-0.013884	0.02215	0.18308	0.094743	0.045331	0.23693	0.030853	0.2604	-0.0077302	0.015528	0.11944	0.064531	0.10241	0.089066	0.079619	0.011346	1	0.075535	0.1493	0.047022	0.035955	0.065653	0.12618	0.058513	0.084078	0.067066	0.053295	0.094091	0.019311	-0.013951	0.079742	0.15255	0.1262
0.12518	0.10835	0.0010514	0.090314	0.034173	0.0041019	0.109	0.086608	0.16501	0.10327	0.090621	0.27068	0.068895	0.068225	0.019082	0.31852	0.1583	0.12901	0.075535	1	0.21628	0.09154	0.056051	0.10048	0.14994	0.037603	0.12968	0.16467	0.11545	0.057682	-0.0023046	-0.0062313	0.055687	0.16743	0.087054
0.094446	0.10548	0.083955	0.097794	0.16507	0.14726	0.1602	0.10563	0.075183	0.09467	0.097312	0.25328	0.15659	0.059948	0.020115	0.14015	0.073899	0.075146	0.1493	0.21628	1	0.052389	0.087244	0.10813	0.17127	0.1096	0.11232	0.15659	0.074425	0.04278	0.0026088	-0.0012966	0.067385	0.1132	0.12788
0.077805	0.037049	0.028211	0.10677	0.039451	0.10922	0.16902	0.027113	0.12753	0.046503	0.051063	0.14309	0.030636	0.050111	-0.038865	0.048238	0.046696	0.085317	0.047022	0.09154	0.052389	1	0.079479	0.026834	0.050583	0.018682	0.012397	0.044313	0.019245	0.032541	0.0073383	0.0061997	0.032202	0.099869	0.00094905
0.10129	0.060154	0.061604	0.094742	0.054967	0.058801	0.12186	0.03162	0.080388	0.057482	0.062886	0.10075	0.063433	0.043394	0.0022364	0.060122	0.060494	0.045723	0.035955	0.056051	0.087244	0.079479	1	0.12787	0.11567	0.042033	0.045534	0.08706	0.043573	0.024234	0.0061418	0.018433	0.077264	0.085727	0.060243
0.055067	0.016204	0.093036	0.075056	0.10668	0.085945	0.094316	0.078233	0.034848	0.095544	0.040528	0.048225	0.10651	0.084009	0.0091292	0.033296	0.052125	-0.0070462	0.065653	0.10048	0.10813	0.026834	0.12787	1	0.092103	0.085901	0.066197	0.057237	0.03561	0.024978	-0.012497	0.027009	0.071024	0.083111	0.085378
0.12954	0.11788	0.073505	0.11697	0.12367	0.083285	0.18109	0.064572	0.1813	0.097915	0.11475	0.24018	0.096152	0.10518	0.056037	0.076023	0.11671	0.12154	0.12618	0.14994	0.17127	0.050583	0.11567	0.092103	1	0.054334	0.12938	0.16916	0.083223	0.06403	0.072686	-0.010756	0.048422	0.12826	0.11589
0.060808	0.073582	0.048103	0.11584	0.10396	0.12002	0.092956	0.12854	0.096719	0.11724	0.026519	0.086381	0.060368	0.026859	0.006556	0.0078651	0.021836	0.065789	0.058513	0.037603	0.1096	0.018682	0.042033	0.085901	0.054334	1	0.092674	0.077481	0.030707	0.014476	-0.0036952	-0.025217	0.083744	0.044852	0.10077
0.11173	0.049723	0.017001	0.058299	0.11819	0.059138	0.096081	0.076429	0.17521	0.087528	0.044376	0.18275	0.084518	0.066464	0.10396	0.082589	0.11762	0.15589	0.084078	0.12968	0.11232	0.012397	0.045534	0.066197	0.12938	0.092674	1	0.19895	0.1216	0.046506	0.023214	-0.041427	0.06371	0.15673	0.10418
0.094503	0.047105	0.053667	0.13055	0.10021	0.081369	0.14044	0.014759	0.17192	0.083486	0.083062	0.23094	0.23874	0.037135	0.056635	0.1464	0.088656	0.13131	0.067066	0.16467	0.15659	0.044313	0.08706	0.057237	0.16916	0.077481	0.19895	1	0.099645	-0.026614	0.054546	0.02016	0.068717	0.063803	0.079968
0.093766	0.067079	0.048179	0.051119	0.01855	0.007134	0.037286	0.044068	0.1424	0.065737	0.081025	0.085972	0.029876	0.064976	0.020104	0.14411	0.16536	0.088806	0.053295	0.11545	0.074425	0.019245	0.043573	0.03561	0.083223	0.030707	0.1216	0.099645	1	-0.010718	0.010574	-0.049052	0.056508	0.22763	0.049157
0.011121	0.032807	0.02256	0.034866	0.066009	0.0018015	-0.0026253	0.036166	-0.00073	0.040503	0.002507	0.019857	0.025027	0.049762	-0.0016592	0.046289	0.014204	-0.020391	0.094091	0.057682	0.04278	0.032541	0.024234	0.024978	0.06403	0.014476	0.046506	-0.026614	-0.010718	1	0.029068	0.01176	0.079789	0.0082249	0.046744
0.040986	0.057223	-0.037083	-0.010405	-0.016163	-0.025915	-0.028306	0.032073	0.041036	-0.019665	0.017208	0.056506	0.0081023	0.01448	-0.0085666	0.036558	0.045777	0.022546	0.019311	-0.0023046	0.0026088	0.0073383	0.0061418	-0.012497	0.072686	-0.0036952	0.023214	0.054546	0.010574	0.029068	1	0.042628	0.0053859	0.031184	-0.02192
-0.024358	0.011136	-0.0027472	0.027122	-0.010088	-0.019053	-0.040962	-0.056766	-0.022984	-0.044904	-0.0076147	-0.0040676	0.0057487	0.017686	-0.06351	0.025151	-0.071488	-0.01092	-0.013951	-0.0062313	-0.0012966	0.0061997	0.018433	0.027009	-0.010756	-0.025217	-0.041427	0.02016	-0.049052	0.01176	0.042628	1	0.050719	-0.037822	-0.0644
0.055753	0.023645	0.054666	0.038358	0.13993	0.033405	0.10777	0.083337	0.08251	0.093815	0.088472	0.054292	0.11236	0.042964	0.017057	0.061722	0.027754	0.027178	0.079742	0.055687	0.067385	0.032202	0.077264	0.071024	0.048422	0.083744	0.06371	0.068717	0.056508	0.079789	0.0053859	0.050719	1	0.065086	0.069428
0.26861	0.050575	0.018745	0.093434	0.040163	0.081793	0.13333	0.14005	0.26959	0.20287	0.053282	0.17496	0.014461	0.15522	0.053459	0.19289	0.42366	0.13892	0.15255	0.16743	0.1132	0.099869	0.085727	0.083111	0.12826	0.044852	0.15673	0.063803	0.22763	0.0082249	0.031184	-0.037822	0.065086	1	0.13703
0.1632	0.050578	0.10162	0.059664	0.17989	0.11788	0.12998	0.17448	0.10796	0.16363	0.014516	0.071283	0.035916	0.062743	0.049293	0.0080069	0.09529	0.050921	0.1262	0.087054	0.12788	0.00094905	0.060243	0.085378	0.11589	0.10077	0.10418	0.079968	0.049157	0.046744	-0.02192	-0.0644	0.069428	0.13703	1
