1	0.08366	0.01899	0.12106	0.12507	0.093443	0.10696	0.044445	0.23088	0.16032	0.071333	0.075586	0.14889	0.088773	-0.018621	0.033254	0.19976	0.07002	0.056672	0.047994	0.0512	0.15722	0.10277	0.05553	0.098486	0.021627	0.090221	0.19962	0.12668	0.049032	0.056604	-0.01573	0.0659	0.2683	0.086199
0.08366	1	0.08893	0.015344	0.054704	0.011839	0.069387	-0.0095518	0.053645	0.039135	0.023819	0.028731	0.059401	-0.0030023	-0.02764	0.025987	0.090985	0.025608	-0.021214	0.025475	0.027474	0.028413	0.08502	0.10771	0.087207	0.043863	0.01901	0.03127	0.05786	0.0046213	0.016319	-0.0052972	0.016094	0.054171	0.10768
0.01899	0.08893	1	0.053948	0.033257	0.029223	0.035592	0.066884	0.01888	0.056565	0.032751	-0.00063001	0.024147	0.041666	0.024462	0.0070746	0.021469	0.028268	-0.01818	-0.000801	0.013092	0.026675	0.074667	0.096171	0.055614	0.03238	0.014555	-0.029174	0.028063	0.048253	-0.04508	-0.042531	0.040353	0.030805	0.099069
0.12106	0.015344	0.053948	1	0.11707	0.085137	0.11937	0.047459	0.10537	0.13215	0.034343	0.069649	0.14122	0.027085	0.023209	0.0056406	0.099258	0.075271	0.091118	0.057632	0.064106	0.12198	0.077248	0.053848	0.086207	0.06937	0.071287	0.14369	0.047978	0.044259	0.025506	-0.010341	0.071343	0.084099	0.037454
0.12507	0.054704	0.033257	0.11707	1	0.2255	0.12296	0.13505	0.087661	0.30642	0.053511	-0.066165	0.20118	0.026209	0.060627	0.0073724	0.026932	0.044329	0.20874	-0.016444	0.061819	0.10295	0.064771	0.053884	0.08609	0.041483	0.10962	0.16204	0.02892	0.01228	-0.05968	-0.023157	0.046319	0.08374	0.14061
0.093443	0.011839	0.029223	0.085137	0.2255	1	0.16477	0.035639	0.076135	0.16035	-0.0067521	-0.018704	0.17466	0.066025	0.0089226	0.052471	0.056446	0.087161	0.15954	0.00040491	0.026458	0.058505	0.032202	0.020195	0.049332	-0.012687	0.064982	0.13828	0.026627	-0.0014311	0.012824	-0.034288	0.052927	0.112	0.1588
0.10696	0.069387	0.035592	0.11937	0.12296	0.16477	1	0.087614	0.12185	0.057025	0.053032	0.17637	0.099884	0.056814	0.023537	0.070959	0.13583	0.064252	0.03302	0.14421	0.12939	0.075689	0.068111	0.077917	0.14159	0.041285	0.095936	0.12762	0.10257	0.043423	0.031232	0.057913	0.047948	0.13234	0.16067
0.044445	-0.0095518	0.066884	0.047459	0.13505	0.035639	0.087614	1	0.0098785	0.092794	-0.033649	0.05159	0.083172	0.03697	0.046984	0.03857	0.079716	0.012654	0.16022	0.041426	0.11281	-0.0051415	0.045925	0.081567	0.028909	0.092151	0.043636	-0.025451	0.011823	0.037557	-0.020826	-0.063797	0.017079	0.067333	0.1869
0.23088	0.053645	0.01888	0.10537	0.087661	0.076135	0.12185	0.0098785	1	0.19767	0.038273	0.10095	0.14905	0.084276	-0.035246	0.045967	0.18241	0.15102	0.05745	0.039293	0.015582	0.11132	0.11401	0.073433	0.18854	0.10142	0.10953	0.19749	0.12143	0.023283	0.0038343	-0.021973	0.038525	0.21736	0.056609
0.16032	0.039135	0.056565	0.13215	0.30642	0.16035	0.057025	0.092794	0.19767	1	0.039441	-0.075145	0.22578	0.055798	0.031244	-0.018218	0.075851	0.083792	0.24621	-0.0030128	0.02218	0.1071	0.068724	0.039827	0.049818	0.10492	0.11962	0.16403	0.086258	0.043663	-0.020683	-0.0047744	0.065954	0.12838	0.1519
0.071333	0.023819	0.032751	0.034343	0.053511	-0.0067521	0.053032	-0.033649	0.038273	0.039441	1	0.049204	0.053337	-0.0015125	0.078675	0.03981	0.07944	0.0063481	-0.024881	0.0038602	0.073541	0.029641	0.085778	0.039477	0.070802	0.041875	0.017105	0.072537	0.047881	0.042787	-0.025823	0.0027691	-0.017039	0.062146	0.047518
0.075586	0.028731	-0.00063001	0.069649	-0.066165	-0.018704	0.17637	0.05159	0.10095	-0.075145	0.049204	1	0.058112	0.047182	0.061315	0.29641	0.15856	0.078905	-0.063742	0.46928	0.41687	0.094472	0.079222	0.048943	0.16587	0.15154	0.1116	0.13222	0.15157	0.037686	0.037317	0.060066	0.026912	0.046267	0.0092014
0.14889	0.059401	0.024147	0.14122	0.20118	0.17466	0.099884	0.083172	0.14905	0.22578	0.053337	0.058112	1	0.088168	0.075756	0.10901	0.12531	0.09785	0.19855	0.017745	0.067152	0.078158	0.046995	0.081179	0.12017	0.04839	0.11635	0.30631	0.1014	0.04836	0.058108	0.02044	0.10778	0.14864	0.10019
0.088773	-0.0030023	0.041666	0.027085	0.026209	0.066025	0.056814	0.03697	0.084276	0.055798	-0.0015125	0.047182	0.088168	1	0.044805	0.095532	0.088692	0.042106	0.09928	0.07309	0.068388	0.029159	0.025496	0.05593	0.08085	0.019212	0.054874	0.065202	0.025397	0.047679	0.015384	0.015456	0.03105	0.093897	0.048943
-0.018621	-0.02764	0.024462	0.023209	0.060627	0.0089226	0.023537	0.046984	-0.035246	0.031244	0.078675	0.061315	0.075756	0.044805	1	0.03726	0.010259	-0.0047055	0.040734	0.038576	0.05358	-0.055222	0.015408	0.03367	0.011739	0.016831	-0.00014846	0.012472	-0.016345	0.006315	0.060729	-0.031525	0.0052932	-0.0093509	0.079521
0.033254	0.025987	0.0070746	0.0056406	0.0073724	0.052471	0.070959	0.03857	0.045967	-0.018218	0.03981	0.29641	0.10901	0.095532	0.03726	1	0.18133	0.024721	0.073966	0.34316	0.26412	0.066282	0.013881	0.035134	0.13659	0.081775	0.089466	0.14918	0.10046	0.034278	0.060185	0.085766	-0.0033918	0.077777	0.013993
0.19976	0.090985	0.021469	0.099258	0.026932	0.056446	0.13583	0.079716	0.18241	0.075851	0.07944	0.15856	0.12531	0.088692	0.010259	0.18133	1	0.10443	0.095192	0.13204	0.10486	0.076162	0.093378	0.023913	0.16622	0.095341	0.099896	0.10862	0.18543	0.063209	0.011735	-0.0053274	-0.035478	0.29195	0.073648
0.07002	0.025608	0.028268	0.075271	0.044329	0.087161	0.064252	0.012654	0.15102	0.083792	0.0063481	0.078905	0.09785	0.042106	-0.0047055	0.024721	0.10443	1	0.067676	0.094761	0.031498	0.060089	0.023703	0.070265	0.046262	-0.0019123	0.052504	0.10448	0.059153	-0.0050538	0.017632	-0.0564	0.010687	0.1619	0.037482
0.056672	-0.021214	-0.01818	0.091118	0.20874	0.15954	0.03302	0.16022	0.05745	0.24621	-0.024881	-0.063742	0.19855	0.09928	0.040734	0.073966	0.095192	0.067676	1	0.042624	0.020677	0.017676	0.030201	0.046486	0.089647	0.041608	0.081305	0.1672	0.039733	0.074458	0.033424	-0.024058	0.035144	0.15799	0.17103
0.047994	0.025475	-0.000801	0.057632	-0.016444	0.00040491	0.14421	0.041426	0.039293	-0.0030128	0.0038602	0.46928	0.017745	0.07309	0.038576	0.34316	0.13204	0.094761	0.042624	1	0.35113	0.06578	0.032182	0.088059	0.10738	0.16025	0.064127	0.12882	0.08331	0.075632	0.075587	0.056359	0.0064962	0.019523	0.031344
0.0512	0.027474	0.013092	0.064106	0.061819	0.026458	0.12939	0.11281	0.015582	0.02218	0.073541	0.41687	0.067152	0.068388	0.05358	0.26412	0.10486	0.031498	0.020677	0.35113	1	0.10424	0.071027	0.078745	0.090893	0.16132	0.11916	0.12232	0.082611	0.067937	0.016242	0.046665	0.05047	0.022909	0.079124
0.15722	0.028413	0.026675	0.12198	0.10295	0.058505	0.075689	-0.0051415	0.11132	0.1071	0.029641	0.094472	0.078158	0.029159	-0.055222	0.066282	0.076162	0.060089	0.017676	0.06578	0.10424	1	0.10402	0.077899	0.12932	0.063517	0.11329	0.11413	0.073614	0.019641	0.013432	0.0065595	0.11371	0.048036	0.036584
0.10277	0.08502	0.074667	0.077248	0.064771	0.032202	0.068111	0.045925	0.11401	0.068724	0.085778	0.079222	0.046995	0.025496	0.015408	0.013881	0.093378	0.023703	0.030201	0.032182	0.071027	0.10402	1	0.13286	0.094308	0.071475	0.044836	0.06927	0.050849	0.033747	-0.018892	0.027372	0.051638	0.068108	0.077794
0.05553	0.10771	0.096171	0.053848	0.053884	0.020195	0.077917	0.081567	0.073433	0.039827	0.039477	0.048943	0.081179	0.05593	0.03367	0.035134	0.023913	0.070265	0.046486	0.088059	0.078745	0.077899	0.13286	1	0.087851	0.11888	0.055489	0.03722	0.041564	0.038918	-0.0065185	-0.035817	0.060501	0.086627	0.11714
0.098486	0.087207	0.055614	0.086207	0.08609	0.049332	0.14159	0.028909	0.18854	0.049818	0.070802	0.16587	0.12017	0.08085	0.011739	0.13659	0.16622	0.046262	0.089647	0.10738	0.090893	0.12932	0.094308	0.087851	1	0.10744	0.060586	0.15817	0.093737	0.063415	0.027974	0.035771	0.022181	0.097988	0.08955
0.021627	0.043863	0.03238	0.06937	0.041483	-0.012687	0.041285	0.092151	0.10142	0.10492	0.041875	0.15154	0.04839	0.019212	0.016831	0.081775	0.095341	-0.0019123	0.041608	0.16025	0.16132	0.063517	0.071475	0.11888	0.10744	1	0.10857	0.038132	0.074804	0.062271	-0.0053061	0.0062388	0.057411	-0.036243	0.11202
0.090221	0.01901	0.014555	0.071287	0.10962	0.064982	0.095936	0.043636	0.10953	0.11962	0.017105	0.1116	0.11635	0.054874	-0.00014846	0.089466	0.099896	0.052504	0.081305	0.064127	0.11916	0.11329	0.044836	0.055489	0.060586	0.10857	1	0.20058	0.10553	0.059781	0.0061649	0.053599	0.077521	0.075104	0.030727
0.19962	0.03127	-0.029174	0.14369	0.16204	0.13828	0.12762	-0.025451	0.19749	0.16403	0.072537	0.13222	0.30631	0.065202	0.012472	0.14918	0.10862	0.10448	0.1672	0.12882	0.12232	0.11413	0.06927	0.03722	0.15817	0.038132	0.20058	1	0.1446	0.037607	0.062973	0.06729	0.073413	0.11004	0.026542
0.12668	0.05786	0.028063	0.047978	0.02892	0.026627	0.10257	0.011823	0.12143	0.086258	0.047881	0.15157	0.1014	0.025397	-0.016345	0.10046	0.18543	0.059153	0.039733	0.08331	0.082611	0.073614	0.050849	0.041564	0.093737	0.074804	0.10553	0.1446	1	0.054935	0.017498	0.011271	0.031829	0.1654	0.048593
0.049032	0.0046213	0.048253	0.044259	0.01228	-0.0014311	0.043423	0.037557	0.023283	0.043663	0.042787	0.037686	0.04836	0.047679	0.006315	0.034278	0.063209	-0.0050538	0.074458	0.075632	0.067937	0.019641	0.033747	0.038918	0.063415	0.062271	0.059781	0.037607	0.054935	1	0.011105	-0.045086	0.018354	0.023397	0.068337
0.056604	0.016319	-0.04508	0.025506	-0.05968	0.012824	0.031232	-0.020826	0.0038343	-0.020683	-0.025823	0.037317	0.058108	0.015384	0.060729	0.060185	0.011735	0.017632	0.033424	0.075587	0.016242	0.013432	-0.018892	-0.0065185	0.027974	-0.0053061	0.0061649	0.062973	0.017498	0.011105	1	0.095732	-0.015425	-0.00070087	-0.021083
-0.01573	-0.0052972	-0.042531	-0.010341	-0.023157	-0.034288	0.057913	-0.063797	-0.021973	-0.0047744	0.0027691	0.060066	0.02044	0.015456	-0.031525	0.085766	-0.0053274	-0.0564	-0.024058	0.056359	0.046665	0.0065595	0.027372	-0.035817	0.035771	0.0062388	0.053599	0.06729	0.011271	-0.045086	0.095732	1	-0.0013742	-0.034851	-0.07072
0.0659	0.016094	0.040353	0.071343	0.046319	0.052927	0.047948	0.017079	0.038525	0.065954	-0.017039	0.026912	0.10778	0.03105	0.0052932	-0.0033918	-0.035478	0.010687	0.035144	0.0064962	0.05047	0.11371	0.051638	0.060501	0.022181	0.057411	0.077521	0.073413	0.031829	0.018354	-0.015425	-0.0013742	1	-0.022075	0.044204
0.2683	0.054171	0.030805	0.084099	0.08374	0.112	0.13234	0.067333	0.21736	0.12838	0.062146	0.046267	0.14864	0.093897	-0.0093509	0.077777	0.29195	0.1619	0.15799	0.019523	0.022909	0.048036	0.068108	0.086627	0.097988	-0.036243	0.075104	0.11004	0.1654	0.023397	-0.00070087	-0.034851	-0.022075	1	0.094549
0.086199	0.10768	0.099069	0.037454	0.14061	0.1588	0.16067	0.1869	0.056609	0.1519	0.047518	0.0092014	0.10019	0.048943	0.079521	0.013993	0.073648	0.037482	0.17103	0.031344	0.079124	0.036584	0.077794	0.11714	0.08955	0.11202	0.030727	0.026542	0.048593	0.068337	-0.021083	-0.07072	0.044204	0.094549	1
