1	0.035025	0.067791	0.072921	0.14549	0.13664	0.13248	0.078708	0.24796	0.19454	-0.028267	0.15644	0.013081	0.039203	0.0084119	0.088607	0.16068	0.076023	0.09844	0.10839	0.057337	0.061112	0.091025	0.00013435	0.10964	0.083937	0.14474	0.067918	0.055824	0.010321	0.014239	-0.031731	0.010925	0.24457	-0.02486
0.035025	1	0.065326	0.032769	0.0063207	0.037525	0.075129	-0.004083	0.052331	-0.0017915	-0.018364	0.074252	0.046399	0.023946	0.047295	0.018346	0.024756	0.024804	-0.02516	0.029696	0.017486	-0.031134	0.061363	0.093346	0.11528	0.018657	0.051728	0.052385	0.067549	-0.061083	0.02558	-0.008878	0.026536	0.074601	0.038953
0.067791	0.065326	1	0.013756	0.009983	0.064874	0.037786	0.029462	0.041848	0.037099	0.007698	0.0072202	0.06433	-0.0087579	0.054796	-0.0095208	0.02181	-0.012809	-0.01044	-0.014156	0.029106	0.019845	0.083019	0.070756	0.073817	0.066348	0.017527	0.029438	0.03122	0.027032	-0.020792	-0.011655	0.062278	0.010846	0.097557
0.072921	0.032769	0.013756	1	0.10303	0.10333	0.12667	0.047679	0.036903	0.022671	0.030501	0.077344	0.072306	-0.0013921	-0.017757	-0.031011	0.079687	0.045189	0.048182	0.090483	0.017884	0.035071	0.05442	0.041803	0.033131	0.0079679	0.053683	0.067157	0.017913	-0.030356	0.021638	0.0031579	0.018991	0.038896	0.022103
0.14549	0.0063207	0.009983	0.10303	1	0.12079	0.13248	0.13887	0.11048	0.27378	0.0023888	0.11287	0.11775	0.0098185	0.042437	0.019845	0.065509	0.057829	0.078167	0.01293	0.09302	0.057586	0.05469	0.087574	0.06658	0.12871	0.096769	0.15964	-0.0010844	0.0046354	-0.042122	-0.031173	0.054631	0.082977	0.060014
0.13664	0.037525	0.064874	0.10333	0.12079	1	0.1129	-0.053154	0.12069	0.080327	-0.0070394	0.051946	0.096786	0.058076	-0.012095	-0.082307	0.038614	0.1056	0.013952	0.02557	0.035266	0.088148	0.080806	0.023218	0.043236	0.078235	0.077875	0.088067	-0.032368	-0.0076943	0.036661	-0.016985	0.048336	0.080388	0.033322
0.13248	0.075129	0.037786	0.12667	0.13248	0.1129	1	0.045186	0.15047	0.043246	0.042334	0.17082	0.086329	0.029677	0.080676	0.058829	0.13491	0.044265	-0.021794	0.13474	0.043014	0.046878	0.093229	0.033783	0.10447	0.079363	0.10535	0.098444	0.039067	-0.017073	0.011271	0.011039	0.023273	0.12521	0.019653
0.078708	-0.004083	0.029462	0.047679	0.13887	-0.053154	0.045186	1	0.097736	0.17938	0.085115	0.18797	0.090481	0.012762	0.041522	0.17079	0.17482	0.095961	0.1613	0.08859	0.097834	0.062797	-0.0026899	0.13563	0.051497	0.10721	0.017101	0.097778	0.075996	0.014417	0.0065072	-0.023629	0.015154	0.18323	0.12851
0.24796	0.052331	0.041848	0.036903	0.11048	0.12069	0.15047	0.097736	1	0.18294	0.067846	0.23389	0.096261	0.085597	0.042742	0.17158	0.24399	0.2375	0.080143	0.17343	0.069774	0.055232	0.12191	-0.0013764	0.15388	0.11733	0.18713	0.143	0.12717	-0.0066911	0.032122	-0.012537	-0.027747	0.31672	0.036258
0.19454	-0.0017915	0.037099	0.022671	0.27378	0.080327	0.043246	0.17938	0.18294	1	-0.014872	0.087694	0.17819	0.059542	0.084291	0.046072	0.10898	0.11517	0.19688	0.065039	0.077041	0.10185	0.030217	0.10913	0.10883	0.17391	0.083248	0.1548	0.058676	0.0019846	-0.022354	-0.035761	0.025149	0.14448	0.12128
-0.028267	-0.018364	0.007698	0.030501	0.0023888	-0.0070394	0.042334	0.085115	0.067846	-0.014872	1	0.064325	0.051951	-0.023146	0.053284	0.029018	0.038934	0.050539	0.004025	0.063714	0.024992	-0.015266	0.0010169	0.038208	0.041994	0.02628	0.0080405	0.017148	0.024821	0.0083242	-0.013047	0.026884	0.0043227	0.043148	0.032256
0.15644	0.074252	0.0072202	0.077344	0.11287	0.051946	0.17082	0.18797	0.23389	0.087694	0.064325	1	0.13288	0.064241	0.12266	0.29546	0.27562	0.14772	0.046049	0.32755	0.1471	-0.0034213	0.044263	0.024213	0.21184	0.10293	0.18502	0.1927	0.12462	0.0055986	0.1184	0.075241	-0.012382	0.24966	0.078864
0.013081	0.046399	0.06433	0.072306	0.11775	0.096786	0.086329	0.090481	0.096261	0.17819	0.051951	0.13288	1	0.10395	0.090713	0.13508	0.094308	0.13376	0.11983	0.11309	0.028486	0.097523	0.045783	0.05894	0.098894	0.13397	0.096627	0.3048	0.05622	0.0039865	0.026785	0.06082	0.00063705	0.060144	0.11429
0.039203	0.023946	-0.0087579	-0.0013921	0.0098185	0.058076	0.029677	0.012762	0.085597	0.059542	-0.023146	0.064241	0.10395	1	0.035552	0.093871	0.079628	0.064116	-0.020686	0.094608	0.025018	0.011348	0.041679	0.003124	0.062905	0.052882	0.073665	0.056971	0.074568	0.028565	0.009764	0.021105	0.0065262	0.098307	0.01099
0.0084119	0.047295	0.054796	-0.017757	0.042437	-0.012095	0.080676	0.041522	0.042742	0.084291	0.053284	0.12266	0.090713	0.035552	1	0.11196	0.074894	0.062439	0.076547	0.072144	0.025906	0.044461	0.034382	0.022335	0.10865	0.10401	0.026063	0.090417	0.080977	0.0008075	0.047959	-0.014298	-0.029756	0.076005	0.064508
0.088607	0.018346	-0.0095208	-0.031011	0.019845	-0.082307	0.058829	0.17079	0.17158	0.046072	0.029018	0.29546	0.13508	0.093871	0.11196	1	0.22544	0.14931	0.12594	0.28999	0.061285	-0.0043445	0.026905	-0.020811	0.16249	0.086213	0.11649	0.15932	0.1715	0.020268	0.10717	0.10987	-0.016505	0.2216	0.060109
0.16068	0.024756	0.02181	0.079687	0.065509	0.038614	0.13491	0.17482	0.24399	0.10898	0.038934	0.27562	0.094308	0.079628	0.074894	0.22544	1	0.1562	0.074958	0.20902	0.080151	-0.014857	0.041347	0.023299	0.14981	0.098422	0.11942	0.1587	0.14413	-0.0084816	0.020419	0.0022484	-0.03003	0.37711	0.11071
0.076023	0.024804	-0.012809	0.045189	0.057829	0.1056	0.044265	0.095961	0.2375	0.11517	0.050539	0.14772	0.13376	0.064116	0.062439	0.14931	0.1562	1	0.039115	0.11386	0.0089587	0.059361	0.063652	0.0095046	0.09512	0.071812	0.15999	0.12937	0.10985	0.023475	0.023138	-0.024217	-0.0069533	0.19668	0.049241
0.09844	-0.02516	-0.01044	0.048182	0.078167	0.013952	-0.021794	0.1613	0.080143	0.19688	0.004025	0.046049	0.11983	-0.020686	0.076547	0.12594	0.074958	0.039115	1	0.044767	0.069915	-0.015115	0.040756	0.047739	0.055373	0.096563	-0.014171	0.041062	0.080112	0.036032	-0.022108	0.0087043	-0.073515	0.12517	0.046703
0.10839	0.029696	-0.014156	0.090483	0.01293	0.02557	0.13474	0.08859	0.17343	0.065039	0.063714	0.32755	0.11309	0.094608	0.072144	0.28999	0.20902	0.11386	0.044767	1	0.082636	-0.041578	0.024302	-0.027	0.15657	0.051119	0.13712	0.13689	0.11453	-0.029617	0.082511	0.051632	0.0090645	0.14497	0.038361
0.057337	0.017486	0.029106	0.017884	0.09302	0.035266	0.043014	0.097834	0.069774	0.077041	0.024992	0.1471	0.028486	0.025018	0.025906	0.061285	0.080151	0.0089587	0.069915	0.082636	1	0.043043	0.010664	0.094249	0.10852	0.075129	0.020874	-0.00088884	0.084718	0.062422	-0.039743	-0.044062	0.022318	0.16396	0.19622
0.061112	-0.031134	0.019845	0.035071	0.057586	0.088148	0.046878	0.062797	0.055232	0.10185	-0.015266	-0.0034213	0.097523	0.011348	0.044461	-0.0043445	-0.014857	0.059361	-0.015115	-0.041578	0.043043	1	0.014185	0.028843	0.038134	0.060643	0.0050269	0.068991	-0.047347	0.040916	-0.014919	-0.0045448	0.097283	0.026819	0.033529
0.091025	0.061363	0.083019	0.05442	0.05469	0.080806	0.093229	-0.0026899	0.12191	0.030217	0.0010169	0.044263	0.045783	0.041679	0.034382	0.026905	0.041347	0.063652	0.040756	0.024302	0.010664	0.014185	1	0.039973	0.088182	0.060971	0.061027	0.040673	0.032111	0.0032788	0.0045276	-0.034659	0.039235	0.087169	-0.019926
0.00013435	0.093346	0.070756	0.041803	0.087574	0.023218	0.033783	0.13563	-0.0013764	0.10913	0.038208	0.024213	0.05894	0.003124	0.022335	-0.020811	0.023299	0.0095046	0.047739	-0.027	0.094249	0.028843	0.039973	1	-0.008251	0.093837	0.00098954	0.0062924	-0.0086727	0.029915	-0.037486	-0.018369	0.02728	0.070773	0.13277
0.10964	0.11528	0.073817	0.033131	0.06658	0.043236	0.10447	0.051497	0.15388	0.10883	0.041994	0.21184	0.098894	0.062905	0.10865	0.16249	0.14981	0.09512	0.055373	0.15657	0.10852	0.038134	0.088182	-0.008251	1	0.11124	0.11946	0.14523	0.079672	0.0069044	0.042388	0.0087771	0.0080944	0.148	0.059958
0.083937	0.018657	0.066348	0.0079679	0.12871	0.078235	0.079363	0.10721	0.11733	0.17391	0.02628	0.10293	0.13397	0.052882	0.10401	0.086213	0.098422	0.071812	0.096563	0.051119	0.075129	0.060643	0.060971	0.093837	0.11124	1	0.066017	0.058481	0.02271	0.051216	0.0069414	-0.031491	0.023568	0.13557	0.1227
0.14474	0.051728	0.017527	0.053683	0.096769	0.077875	0.10535	0.017101	0.18713	0.083248	0.0080405	0.18502	0.096627	0.073665	0.026063	0.11649	0.11942	0.15999	-0.014171	0.13712	0.020874	0.0050269	0.061027	0.00098954	0.11946	0.066017	1	0.1521	0.11764	0.0129	0.074943	0.021331	-0.01341	0.14705	0.0046766
0.067918	0.052385	0.029438	0.067157	0.15964	0.088067	0.098444	0.097778	0.143	0.1548	0.017148	0.1927	0.3048	0.056971	0.090417	0.15932	0.1587	0.12937	0.041062	0.13689	-0.00088884	0.068991	0.040673	0.0062924	0.14523	0.058481	0.1521	1	0.13936	-0.010081	0.014559	0.10114	0.029347	0.10669	0.029411
0.055824	0.067549	0.03122	0.017913	-0.0010844	-0.032368	0.039067	0.075996	0.12717	0.058676	0.024821	0.12462	0.05622	0.074568	0.080977	0.1715	0.14413	0.10985	0.080112	0.11453	0.084718	-0.047347	0.032111	-0.0086727	0.079672	0.02271	0.11764	0.13936	1	0.019284	0.0081161	0.023455	0.015639	0.17721	0.082226
0.010321	-0.061083	0.027032	-0.030356	0.0046354	-0.0076943	-0.017073	0.014417	-0.0066911	0.0019846	0.0083242	0.0055986	0.0039865	0.028565	0.0008075	0.020268	-0.0084816	0.023475	0.036032	-0.029617	0.062422	0.040916	0.0032788	0.029915	0.0069044	0.051216	0.0129	-0.010081	0.019284	1	0.018754	0.031738	0.050741	-0.042633	0.040859
0.014239	0.02558	-0.020792	0.021638	-0.042122	0.036661	0.011271	0.0065072	0.032122	-0.022354	-0.013047	0.1184	0.026785	0.009764	0.047959	0.10717	0.020419	0.023138	-0.022108	0.082511	-0.039743	-0.014919	0.0045276	-0.037486	0.042388	0.0069414	0.074943	0.014559	0.0081161	0.018754	1	0.096578	-0.038279	0.036442	-0.035257
-0.031731	-0.008878	-0.011655	0.0031579	-0.031173	-0.016985	0.011039	-0.023629	-0.012537	-0.035761	0.026884	0.075241	0.06082	0.021105	-0.014298	0.10987	0.0022484	-0.024217	0.0087043	0.051632	-0.044062	-0.0045448	-0.034659	-0.018369	0.0087771	-0.031491	0.021331	0.10114	0.023455	0.031738	0.096578	1	-0.0067219	-0.026143	-0.048925
0.010925	0.026536	0.062278	0.018991	0.054631	0.048336	0.023273	0.015154	-0.027747	0.025149	0.0043227	-0.012382	0.00063705	0.0065262	-0.029756	-0.016505	-0.03003	-0.0069533	-0.073515	0.0090645	0.022318	0.097283	0.039235	0.02728	0.0080944	0.023568	-0.01341	0.029347	0.015639	0.050741	-0.038279	-0.0067219	1	-0.0148	0.021442
0.24457	0.074601	0.010846	0.038896	0.082977	0.080388	0.12521	0.18323	0.31672	0.14448	0.043148	0.24966	0.060144	0.098307	0.076005	0.2216	0.37711	0.19668	0.12517	0.14497	0.16396	0.026819	0.087169	0.070773	0.148	0.13557	0.14705	0.10669	0.17721	-0.042633	0.036442	-0.026143	-0.0148	1	0.13496
-0.02486	0.038953	0.097557	0.022103	0.060014	0.033322	0.019653	0.12851	0.036258	0.12128	0.032256	0.078864	0.11429	0.01099	0.064508	0.060109	0.11071	0.049241	0.046703	0.038361	0.19622	0.033529	-0.019926	0.13277	0.059958	0.1227	0.0046766	0.029411	0.082226	0.040859	-0.035257	-0.048925	0.021442	0.13496	1
