1	0.058689	0.059633	0.11581	0.15378	0.11985	0.23234	0.095259	0.29196	0.1434	-0.0046568	0.1792	0.075865	0.079826	0.016115	0.060093	0.16927	0.13807	0.067925	0.16163	0.10675	0.057312	0.12598	0.05061	0.17057	0.098426	0.10006	0.15309	0.12837	0.070708	0.065044	0.011952	0.03935	0.31206	0.069216
0.058689	1	0.054686	0.054518	0.084892	0.1035	0.070745	0.018219	0.080917	0.046391	-0.010512	0.055548	0.0056614	0.0066356	0.020907	0.028579	0.05468	0.02719	0.037113	0.088032	0.0040178	0.040761	0.10391	0.039544	0.099806	0.04149	0.0055542	0.059586	0.03824	-0.0081027	0.031733	0.033793	0.01006	0.051897	0.061642
0.059633	0.054686	1	0.031642	0.046593	0.085366	0.035512	0.037309	0.089678	0.074689	0.051125	0.026523	-0.0032679	0.098732	0.01733	0.052807	0.058029	0.069696	0.075942	0.039783	0.08211	0.021267	0.071883	0.038599	0.072919	0.029337	0.0098632	0.049545	0.022134	0.040795	-0.0012702	-0.022198	0.023848	0.05446	0.10449
0.11581	0.054518	0.031642	1	0.10923	0.098832	0.15174	0.055159	0.11455	0.077166	0.033753	0.13772	0.065483	0.041762	0.02063	0.059004	0.064475	0.032152	0.062415	0.063956	0.010687	0.039558	0.081817	0.063925	0.099582	0.066729	0.020092	0.090079	0.012452	0.035664	-0.0025592	0.020416	0.061453	0.052579	0.02555
0.15378	0.084892	0.046593	0.10923	1	0.08734	0.14962	0.14758	0.16894	0.24374	0.016239	0.11464	0.12635	0.031479	0.0478	0.051515	0.07604	0.036062	0.11526	0.094835	0.070923	0.13639	0.085004	0.069769	0.10133	0.10051	0.061138	0.14845	0.040144	0.018236	-0.017851	-0.015681	0.074935	0.09113	0.10512
0.11985	0.1035	0.085366	0.098832	0.08734	1	0.12985	0.0039458	0.11661	0.042137	0.017069	0.11288	0.036141	0.053111	0.020435	0.039058	0.072272	0.1089	0.0226	0.092225	0.043357	0.052284	0.062242	0.066093	0.080934	0.053637	0.06727	0.076385	0.033517	0.012268	0.042146	-0.033747	0.020588	0.1038	0.067673
0.23234	0.070745	0.035512	0.15174	0.14962	0.12985	1	-0.0043169	0.22012	0.073883	0.012017	0.18203	0.08883	0.085676	0.023703	0.085613	0.12974	0.10159	0.021328	0.12215	0.054056	0.022339	0.14258	0.058939	0.19185	0.11132	0.092128	0.11357	0.018587	0.01645	0.03694	0.01422	0.040059	0.21533	0.031145
0.095259	0.018219	0.037309	0.055159	0.14758	0.0039458	-0.0043169	1	0.10312	0.16152	-0.0038007	0.088732	0.10486	0.025848	0.063995	0.087791	0.14303	0.037701	0.097758	0.094452	0.15677	0.03655	0.019633	0.071385	0.058776	0.08836	0.067323	0.075077	0.078681	0.043666	-0.033484	-0.042414	0.040137	0.13789	0.17263
0.29196	0.080917	0.089678	0.11455	0.16894	0.11661	0.22012	0.10312	1	0.17053	0.013945	0.24666	0.13978	0.12214	0.057738	0.11632	0.2958	0.17845	0.019693	0.18356	0.13875	0.038607	0.13558	0.059715	0.20637	0.1184	0.18655	0.22518	0.11878	0.04547	0.01929	-0.0057115	0.057513	0.3209	0.10345
0.1434	0.046391	0.074689	0.077166	0.24374	0.042137	0.073883	0.16152	0.17053	1	-0.018963	0.10959	0.13087	0.027542	0.079902	0.091744	0.11701	0.090248	0.24731	0.12898	0.17508	0.11705	0.055151	0.095265	0.1441	0.18484	0.037288	0.12957	0.087316	0.0043665	-0.020763	-0.022978	0.0599	0.10981	0.14722
-0.0046568	-0.010512	0.051125	0.033753	0.016239	0.017069	0.012017	-0.0038007	0.013945	-0.018963	1	0.064973	0.018907	0.048247	0.039865	0.055609	0.023411	0.052308	0.010552	0.022655	0.052448	-0.0093035	0.048741	0.059516	0.060008	-0.011029	0.044499	-0.0083771	-0.0023347	0.0062536	0.027574	0.012039	0.02239	-0.0053228	0.0093964
0.1792	0.055548	0.026523	0.13772	0.11464	0.11288	0.18203	0.088732	0.24666	0.10959	0.064973	1	0.1569	0.090236	0.073763	0.225	0.21253	0.10803	0.054953	0.31915	0.24532	0.054777	0.12222	0.070396	0.25659	0.093311	0.17626	0.21808	0.13132	0.056805	0.032573	-0.0073813	0.03498	0.21596	0.085318
0.075865	0.0056614	-0.0032679	0.065483	0.12635	0.036141	0.08883	0.10486	0.13978	0.13087	0.018907	0.1569	1	0.095514	0.076929	0.15999	0.11623	0.11943	0.049292	0.15951	0.092102	0.027109	0.025628	0.068979	0.15732	0.063524	0.084864	0.21066	0.053538	0.020092	-0.0037497	-0.018993	0.0053106	0.098645	0.073564
0.079826	0.0066356	0.098732	0.041762	0.031479	0.053111	0.085676	0.025848	0.12214	0.027542	0.048247	0.090236	0.095514	1	0.032102	0.092311	0.095568	0.028695	-0.0034562	0.10943	0.039636	0.027932	-0.0051235	-0.026814	0.068142	-0.0055454	0.061871	0.08422	0.016093	0.053083	-0.00099692	-0.0097999	0.053779	0.097902	0.027683
0.016115	0.020907	0.01733	0.02063	0.0478	0.020435	0.023703	0.063995	0.057738	0.079902	0.039865	0.073763	0.076929	0.032102	1	0.088498	0.013577	0.023638	0.077151	0.059735	0.087563	0.036117	0.016483	0.019445	0.087314	0.042418	0.085137	0.052262	0.053721	-0.015002	0.033358	0.025413	0.010254	0.020204	0.064715
0.060093	0.028579	0.052807	0.059004	0.051515	0.039058	0.085613	0.087791	0.11632	0.091744	0.055609	0.225	0.15999	0.092311	0.088498	1	0.080837	0.091868	0.081673	0.29514	0.17903	-0.0086653	0.051077	0.037513	0.14107	0.099344	0.097898	0.13569	0.11488	0.041919	0.00099434	0.017633	0.033024	0.048662	0.029652
0.16927	0.05468	0.058029	0.064475	0.07604	0.072272	0.12974	0.14303	0.2958	0.11701	0.023411	0.21253	0.11623	0.095568	0.013577	0.080837	1	0.17131	0.056665	0.14927	0.18169	-0.012334	0.055808	0.062984	0.16342	0.023518	0.12925	0.13539	0.1594	0.026845	0.039413	-0.05124	-0.0010499	0.33255	0.075538
0.13807	0.02719	0.069696	0.032152	0.036062	0.1089	0.10159	0.037701	0.17845	0.090248	0.052308	0.10803	0.11943	0.028695	0.023638	0.091868	0.17131	1	0.031742	0.081375	0.12037	0.06371	0.066606	0.04721	0.1173	0.028366	0.12726	0.18748	0.10213	0.047321	0.002361	-0.036976	0.018671	0.24543	0.038487
0.067925	0.037113	0.075942	0.062415	0.11526	0.0226	0.021328	0.097758	0.019693	0.24731	0.010552	0.054953	0.049292	-0.0034562	0.077151	0.081673	0.056665	0.031742	1	0.060986	0.074077	0.053218	0.062894	0.047037	0.026415	0.052989	-0.0048605	0.07872	0.05226	0.01052	-0.019291	-0.0045929	0.070442	0.097955	0.042845
0.16163	0.088032	0.039783	0.063956	0.094835	0.092225	0.12215	0.094452	0.18356	0.12898	0.022655	0.31915	0.15951	0.10943	0.059735	0.29514	0.14927	0.081375	0.060986	1	0.15197	0.046079	0.11689	0.05873	0.21653	0.059246	0.11319	0.14348	0.13989	0.02991	0.01995	-0.034483	0.0085978	0.1527	0.026255
0.10675	0.0040178	0.08211	0.010687	0.070923	0.043357	0.054056	0.15677	0.13875	0.17508	0.052448	0.24532	0.092102	0.039636	0.087563	0.17903	0.18169	0.12037	0.074077	0.15197	1	0.10525	0.078758	0.1091	0.11647	0.10604	0.12919	0.11466	0.13692	0.044483	0.046418	-0.037023	0.028726	0.15185	0.15597
0.057312	0.040761	0.021267	0.039558	0.13639	0.052284	0.022339	0.03655	0.038607	0.11705	-0.0093035	0.054777	0.027109	0.027932	0.036117	-0.0086653	-0.012334	0.06371	0.053218	0.046079	0.10525	1	0.050166	0.034189	0.076174	0.059827	0.037721	0.037243	-0.042896	0.0012142	-0.065719	-0.026242	0.096213	0.043693	0.022922
0.12598	0.10391	0.071883	0.081817	0.085004	0.062242	0.14258	0.019633	0.13558	0.055151	0.048741	0.12222	0.025628	-0.0051235	0.016483	0.051077	0.055808	0.066606	0.062894	0.11689	0.078758	0.050166	1	0.097681	0.1397	0.11168	0.069927	0.076906	0.020551	-0.00071985	0.046207	-0.014338	0.059595	0.079707	0.041268
0.05061	0.039544	0.038599	0.063925	0.069769	0.066093	0.058939	0.071385	0.059715	0.095265	0.059516	0.070396	0.068979	-0.026814	0.019445	0.037513	0.062984	0.04721	0.047037	0.05873	0.1091	0.034189	0.097681	1	0.076707	0.072342	0.031608	0.044687	0.013557	0.048242	0.014526	-0.035566	0.042224	0.032162	0.085619
0.17057	0.099806	0.072919	0.099582	0.10133	0.080934	0.19185	0.058776	0.20637	0.1441	0.060008	0.25659	0.15732	0.068142	0.087314	0.14107	0.16342	0.1173	0.026415	0.21653	0.11647	0.076174	0.1397	0.076707	1	0.11488	0.14199	0.17094	0.10261	0.049621	0.028678	-0.010858	0.080766	0.20278	0.041193
0.098426	0.04149	0.029337	0.066729	0.10051	0.053637	0.11132	0.08836	0.1184	0.18484	-0.011029	0.093311	0.063524	-0.0055454	0.042418	0.099344	0.023518	0.028366	0.052989	0.059246	0.10604	0.059827	0.11168	0.072342	0.11488	1	0.016476	0.056194	0.045893	0.0073068	0.042978	0.034308	0.070547	0.051044	0.11056
0.10006	0.0055542	0.0098632	0.020092	0.061138	0.06727	0.092128	0.067323	0.18655	0.037288	0.044499	0.17626	0.084864	0.061871	0.085137	0.097898	0.12925	0.12726	-0.0048605	0.11319	0.12919	0.037721	0.069927	0.031608	0.14199	0.016476	1	0.19516	0.11652	0.017654	0.0050868	-0.037171	0.026248	0.14847	-0.016312
0.15309	0.059586	0.049545	0.090079	0.14845	0.076385	0.11357	0.075077	0.22518	0.12957	-0.0083771	0.21808	0.21066	0.08422	0.052262	0.13569	0.13539	0.18748	0.07872	0.14348	0.11466	0.037243	0.076906	0.044687	0.17094	0.056194	0.19516	1	0.12701	0.0058476	0.0093647	0.0094097	0.044527	0.18468	0.019089
0.12837	0.03824	0.022134	0.012452	0.040144	0.033517	0.018587	0.078681	0.11878	0.087316	-0.0023347	0.13132	0.053538	0.016093	0.053721	0.11488	0.1594	0.10213	0.05226	0.13989	0.13692	-0.042896	0.020551	0.013557	0.10261	0.045893	0.11652	0.12701	1	0.011151	0.024402	0.014699	0.00011845	0.16169	0.047196
0.070708	-0.0081027	0.040795	0.035664	0.018236	0.012268	0.01645	0.043666	0.04547	0.0043665	0.0062536	0.056805	0.020092	0.053083	-0.015002	0.041919	0.026845	0.047321	0.01052	0.02991	0.044483	0.0012142	-0.00071985	0.048242	0.049621	0.0073068	0.017654	0.0058476	0.011151	1	-0.0051509	0.066426	0.03876	0.042257	-0.0061973
0.065044	0.031733	-0.0012702	-0.0025592	-0.017851	0.042146	0.03694	-0.033484	0.01929	-0.020763	0.027574	0.032573	-0.0037497	-0.00099692	0.033358	0.00099434	0.039413	0.002361	-0.019291	0.01995	0.046418	-0.065719	0.046207	0.014526	0.028678	0.042978	0.0050868	0.0093647	0.024402	-0.0051509	1	0.10357	-0.065443	0.0037897	-0.047051
0.011952	0.033793	-0.022198	0.020416	-0.015681	-0.033747	0.01422	-0.042414	-0.0057115	-0.022978	0.012039	-0.0073813	-0.018993	-0.0097999	0.025413	0.017633	-0.05124	-0.036976	-0.0045929	-0.034483	-0.037023	-0.026242	-0.014338	-0.035566	-0.010858	0.034308	-0.037171	0.0094097	0.014699	0.066426	0.10357	1	0.019367	-0.020256	-0.044284
0.03935	0.01006	0.023848	0.061453	0.074935	0.020588	0.040059	0.040137	0.057513	0.0599	0.02239	0.03498	0.0053106	0.053779	0.010254	0.033024	-0.0010499	0.018671	0.070442	0.0085978	0.028726	0.096213	0.059595	0.042224	0.080766	0.070547	0.026248	0.044527	0.00011845	0.03876	-0.065443	0.019367	1	0.032996	0.027536
0.31206	0.051897	0.05446	0.052579	0.09113	0.1038	0.21533	0.13789	0.3209	0.10981	-0.0053228	0.21596	0.098645	0.097902	0.020204	0.048662	0.33255	0.24543	0.097955	0.1527	0.15185	0.043693	0.079707	0.032162	0.20278	0.051044	0.14847	0.18468	0.16169	0.042257	0.0037897	-0.020256	0.032996	1	0.089021
0.069216	0.061642	0.10449	0.02555	0.10512	0.067673	0.031145	0.17263	0.10345	0.14722	0.0093964	0.085318	0.073564	0.027683	0.064715	0.029652	0.075538	0.038487	0.042845	0.026255	0.15597	0.022922	0.041268	0.085619	0.041193	0.11056	-0.016312	0.019089	0.047196	-0.0061973	-0.047051	-0.044284	0.027536	0.089021	1
