1	0.082277	0.066127	0.10913	0.15247	0.086116	0.21235	0.081008	0.23107	0.20402	-0.00045884	0.23836	0.12888	0.10845	0.079606	0.14324	0.2015	0.13533	0.116	0.17344	0.17009	0.079262	0.10694	0.043208	0.15133	0.12403	0.14249	0.15739	0.1594	0.073028	0.043069	0.062464	0.031548	0.30265	0.10695
0.082277	1	0.051811	0.070223	0.066891	0.06815	0.13739	0.050727	0.063137	0.027207	-0.0096754	0.1092	0.0091167	0.016659	0.042715	0.040977	0.034583	-0.0046213	0.027749	0.073086	0.025528	0.034961	0.10269	0.0024399	0.044319	0.079132	0.068803	0.02259	0.058072	0.018181	0.075245	0.044515	0.00068903	0.076929	0.073589
0.066127	0.051811	1	0.03537	0.081184	0.041008	0.084195	0.054111	0.038768	0.040192	-0.011719	0.064422	0.013148	0.074358	0.062095	0.058532	0.032508	-0.018132	-0.0042247	0.068142	0.045028	0.043401	0.047226	0.092646	0.038726	0.11186	0.011331	0.024538	-0.0076166	0.022614	-0.0016484	-0.013863	-0.0035732	0.035898	0.11565
0.10913	0.070223	0.03537	1	0.076207	0.111	0.14181	0.04662	0.13015	0.049476	-0.012785	0.14787	0.094001	0.074097	0.0086222	0.054816	0.10338	0.075372	0.081971	0.10644	0.060138	0.045313	0.074512	0.044459	0.10606	0.087133	0.051406	0.086839	0.067665	0.041921	-0.020099	0.0070056	0.020375	0.075115	0.055728
0.15247	0.066891	0.081184	0.076207	1	0.095369	0.13812	0.14116	0.12903	0.20201	0.016491	0.16244	0.13097	0.071791	0.058525	0.10776	0.11233	0.055759	0.14756	0.10023	0.11465	0.052041	0.12968	0.080679	0.05825	0.10282	0.068246	0.11338	0.062397	0.018948	-0.0034126	-0.018087	0.08037	0.14636	0.10505
0.086116	0.06815	0.041008	0.111	0.095369	1	0.18136	-0.084374	0.13381	0.052037	0.047713	0.069128	0.084576	0.08681	0.017818	0.054549	0.065339	0.10394	-0.013647	0.071108	0.025239	0.071151	0.10361	0.029419	0.070917	0.094827	0.096339	0.091784	0.011251	0.029148	0.069177	0.0094464	0.037258	0.11838	-0.011528
0.21235	0.13739	0.084195	0.14181	0.13812	0.18136	1	0.049844	0.20122	0.10127	-0.034344	0.23642	0.053364	0.09071	0.057788	0.14345	0.13821	0.115	0.0090881	0.16483	0.11452	0.077185	0.16556	-0.01105	0.10438	0.12639	0.14061	0.13906	0.082955	0.050871	0.038833	-0.0054593	0.020484	0.18719	0.10861
0.081008	0.050727	0.054111	0.04662	0.14116	-0.084374	0.049844	1	0.049626	0.20789	0.044816	0.12823	0.10319	0.040767	0.10932	0.17191	0.12063	0.018347	0.19166	0.15039	0.16694	0.039825	0.052741	0.075546	0.033177	0.07252	0.034319	0.044913	0.090724	-0.020285	-0.016407	-0.027934	0.04885	0.12915	0.18751
0.23107	0.063137	0.038768	0.13015	0.12903	0.13381	0.20122	0.049626	1	0.17619	0.040074	0.27121	0.11236	0.12391	0.063995	0.12987	0.26433	0.17062	-0.0087589	0.15558	0.16669	0.026772	0.1457	0.0010722	0.1632	0.13005	0.23252	0.21317	0.11542	0.0032119	0.071811	-0.018508	-0.0080303	0.25162	0.09276
0.20402	0.027207	0.040192	0.049476	0.20201	0.052037	0.10127	0.20789	0.17619	1	0.020524	0.14536	0.15639	0.10617	0.10302	0.1337	0.17878	0.094027	0.25997	0.084394	0.16871	0.12648	0.061898	0.059414	0.030874	0.15931	0.062397	0.086358	0.099	0.030341	-0.038601	-0.032162	0.062729	0.18839	0.19055
-0.00045884	-0.0096754	-0.011719	-0.012785	0.016491	0.047713	-0.034344	0.044816	0.040074	0.020524	1	0.01154	0.047829	0.0067691	0.0030629	0.050145	0.023495	0.052807	-0.017298	0.021746	0.034104	-0.0029384	0.030631	0.031103	0.050614	0.022552	-0.027267	0.050798	0.004051	-0.023778	0.05123	-0.045683	0.038372	0.012021	0.021428
0.23836	0.1092	0.064422	0.14787	0.16244	0.069128	0.23642	0.12823	0.27121	0.14536	0.01154	1	0.10382	0.11798	0.057851	0.31934	0.17483	0.081728	0.042708	0.36636	0.24016	0.10641	0.086099	0.021655	0.069817	0.18817	0.19473	0.22889	0.16616	0.049016	0.077579	0.021135	0.05874	0.19566	0.13584
0.12888	0.0091167	0.013148	0.094001	0.13097	0.084576	0.053364	0.10319	0.11236	0.15639	0.047829	0.10382	1	0.10417	0.10353	0.12117	0.16068	0.12697	0.13598	0.1024	0.14504	0.03087	0.044084	0.069668	0.13257	0.077054	0.12593	0.25845	0.031809	0.051538	0.062678	0.067327	0.068484	0.076641	0.13549
0.10845	0.016659	0.074358	0.074097	0.071791	0.08681	0.09071	0.040767	0.12391	0.10617	0.0067691	0.11798	0.10417	1	0.068459	0.085372	0.085813	-0.037168	0.030545	0.088543	0.080257	0.057536	0.031003	-0.03501	0.023887	0.067236	0.044375	0.07863	0.062028	0.038613	0.024752	0.021991	0.068398	0.075454	0.062679
0.079606	0.042715	0.062095	0.0086222	0.058525	0.017818	0.057788	0.10932	0.063995	0.10302	0.0030629	0.057851	0.10353	0.068459	1	0.078754	0.074676	0.010208	0.11178	0.11077	0.092068	0.0075766	0.033458	0.034365	0.070398	0.10402	0.08047	0.02418	0.079591	0.037177	0.01846	0.026548	0.012526	0.085924	0.11633
0.14324	0.040977	0.058532	0.054816	0.10776	0.054549	0.14345	0.17191	0.12987	0.1337	0.050145	0.31934	0.12117	0.085372	0.078754	1	0.15516	0.063626	0.12834	0.33315	0.20841	0.090866	0.010153	0.016163	0.049053	0.11876	0.062721	0.10691	0.15409	0.02518	0.083815	0.074203	0.047767	0.16774	0.13128
0.2015	0.034583	0.032508	0.10338	0.11233	0.065339	0.13821	0.12063	0.26433	0.17878	0.023495	0.17483	0.16068	0.085813	0.074676	0.15516	1	0.19006	0.10852	0.095603	0.17502	0.01952	0.10536	0.05135	0.12843	0.07688	0.15401	0.15292	0.10636	-0.00094942	0.035718	0.0075615	-0.053313	0.35203	0.12659
0.13533	-0.0046213	-0.018132	0.075372	0.055759	0.10394	0.115	0.018347	0.17062	0.094027	0.052807	0.081728	0.12697	-0.037168	0.010208	0.063626	0.19006	1	0.055457	0.014613	0.11787	0.023032	0.058341	0.04428	0.087071	0.080861	0.09643	0.11684	0.060467	0.019132	0.02102	-0.055289	0.016018	0.15018	-0.0052538
0.116	0.027749	-0.0042247	0.081971	0.14756	-0.013647	0.0090881	0.19166	-0.0087589	0.25997	-0.017298	0.042708	0.13598	0.030545	0.11178	0.12834	0.10852	0.055457	1	0.068316	0.12501	0.053417	0.063849	0.031548	0.026368	0.085153	-0.0033924	0.027123	0.071762	0.023466	-0.025022	0.034018	0.0096148	0.13781	0.055065
0.17344	0.073086	0.068142	0.10644	0.10023	0.071108	0.16483	0.15039	0.15558	0.084394	0.021746	0.36636	0.1024	0.088543	0.11077	0.33315	0.095603	0.014613	0.068316	1	0.30931	0.062075	0.061337	0.015771	0.054926	0.13431	0.13264	0.11887	0.13685	0.017273	0.058	0.014787	0.0010643	0.1556	0.12781
0.17009	0.025528	0.045028	0.060138	0.11465	0.025239	0.11452	0.16694	0.16669	0.16871	0.034104	0.24016	0.14504	0.080257	0.092068	0.20841	0.17502	0.11787	0.12501	0.30931	1	0.06896	0.070224	0.043151	0.10803	0.11353	0.1087	0.081457	0.13027	0.059928	0.041217	0.028991	0.0025077	0.1597	0.18352
0.079262	0.034961	0.043401	0.045313	0.052041	0.071151	0.077185	0.039825	0.026772	0.12648	-0.0029384	0.10641	0.03087	0.057536	0.0075766	0.090866	0.01952	0.023032	0.053417	0.062075	0.06896	1	0.065218	0.024603	-0.026263	0.067483	0.025538	0.032398	0.0099679	0.0089032	-0.001413	-0.013289	0.048792	0.054691	0.044565
0.10694	0.10269	0.047226	0.074512	0.12968	0.10361	0.16556	0.052741	0.1457	0.061898	0.030631	0.086099	0.044084	0.031003	0.033458	0.010153	0.10536	0.058341	0.063849	0.061337	0.070224	0.065218	1	0.049349	0.10413	0.06122	0.03532	0.062886	0.043682	0.036349	0.025249	-0.03211	0.03978	0.13044	0.054132
0.043208	0.0024399	0.092646	0.044459	0.080679	0.029419	-0.01105	0.075546	0.0010722	0.059414	0.031103	0.021655	0.069668	-0.03501	0.034365	0.016163	0.05135	0.04428	0.031548	0.015771	0.043151	0.024603	0.049349	1	0.055943	0.068497	-0.018562	0.090156	0.038093	0.034856	-0.014924	-0.076411	0.025354	0.020153	0.12834
0.15133	0.044319	0.038726	0.10606	0.05825	0.070917	0.10438	0.033177	0.1632	0.030874	0.050614	0.069817	0.13257	0.023887	0.070398	0.049053	0.12843	0.087071	0.026368	0.054926	0.10803	-0.026263	0.10413	0.055943	1	0.080811	0.13991	0.10759	0.028238	0.027087	0.01649	0.055353	-0.03409	0.11311	0.049655
0.12403	0.079132	0.11186	0.087133	0.10282	0.094827	0.12639	0.07252	0.13005	0.15931	0.022552	0.18817	0.077054	0.067236	0.10402	0.11876	0.07688	0.080861	0.085153	0.13431	0.11353	0.067483	0.06122	0.068497	0.080811	1	0.049261	0.044708	0.052572	0.023538	0.024114	-0.0015852	0.0087012	0.077228	0.14464
0.14249	0.068803	0.011331	0.051406	0.068246	0.096339	0.14061	0.034319	0.23252	0.062397	-0.027267	0.19473	0.12593	0.044375	0.08047	0.062721	0.15401	0.09643	-0.0033924	0.13264	0.1087	0.025538	0.03532	-0.018562	0.13991	0.049261	1	0.18405	0.080691	0.046947	0.077494	0.018263	0.0080546	0.18464	0.03722
0.15739	0.02259	0.024538	0.086839	0.11338	0.091784	0.13906	0.044913	0.21317	0.086358	0.050798	0.22889	0.25845	0.07863	0.02418	0.10691	0.15292	0.11684	0.027123	0.11887	0.081457	0.032398	0.062886	0.090156	0.10759	0.044708	0.18405	1	0.1039	0.032852	0.11108	0.04809	0.008138	0.15844	-0.0040933
0.1594	0.058072	-0.0076166	0.067665	0.062397	0.011251	0.082955	0.090724	0.11542	0.099	0.004051	0.16616	0.031809	0.062028	0.079591	0.15409	0.10636	0.060467	0.071762	0.13685	0.13027	0.0099679	0.043682	0.038093	0.028238	0.052572	0.080691	0.1039	1	0.01236	0.018799	0.024446	0.028908	0.1514	0.067383
0.073028	0.018181	0.022614	0.041921	0.018948	0.029148	0.050871	-0.020285	0.0032119	0.030341	-0.023778	0.049016	0.051538	0.038613	0.037177	0.02518	-0.00094942	0.019132	0.023466	0.017273	0.059928	0.0089032	0.036349	0.034856	0.027087	0.023538	0.046947	0.032852	0.01236	1	0.015646	0.03143	0.094621	0.022638	-0.037493
0.043069	0.075245	-0.0016484	-0.020099	-0.0034126	0.069177	0.038833	-0.016407	0.071811	-0.038601	0.05123	0.077579	0.062678	0.024752	0.01846	0.083815	0.035718	0.02102	-0.025022	0.058	0.041217	-0.001413	0.025249	-0.014924	0.01649	0.024114	0.077494	0.11108	0.018799	0.015646	1	0.12367	0.015856	0.019277	-0.026178
0.062464	0.044515	-0.013863	0.0070056	-0.018087	0.0094464	-0.0054593	-0.027934	-0.018508	-0.032162	-0.045683	0.021135	0.067327	0.021991	0.026548	0.074203	0.0075615	-0.055289	0.034018	0.014787	0.028991	-0.013289	-0.03211	-0.076411	0.055353	-0.0015852	0.018263	0.04809	0.024446	0.03143	0.12367	1	0.010109	0.00045458	-0.037626
0.031548	0.00068903	-0.0035732	0.020375	0.08037	0.037258	0.020484	0.04885	-0.0080303	0.062729	0.038372	0.05874	0.068484	0.068398	0.012526	0.047767	-0.053313	0.016018	0.0096148	0.0010643	0.0025077	0.048792	0.03978	0.025354	-0.03409	0.0087012	0.0080546	0.008138	0.028908	0.094621	0.015856	0.010109	1	0.0048274	0.012424
0.30265	0.076929	0.035898	0.075115	0.14636	0.11838	0.18719	0.12915	0.25162	0.18839	0.012021	0.19566	0.076641	0.075454	0.085924	0.16774	0.35203	0.15018	0.13781	0.1556	0.1597	0.054691	0.13044	0.020153	0.11311	0.077228	0.18464	0.15844	0.1514	0.022638	0.019277	0.00045458	0.0048274	1	0.13523
0.10695	0.073589	0.11565	0.055728	0.10505	-0.011528	0.10861	0.18751	0.09276	0.19055	0.021428	0.13584	0.13549	0.062679	0.11633	0.13128	0.12659	-0.0052538	0.055065	0.12781	0.18352	0.044565	0.054132	0.12834	0.049655	0.14464	0.03722	-0.0040933	0.067383	-0.037493	-0.026178	-0.037626	0.012424	0.13523	1
